mean	var
0.0	0.0
0.0	0.0
0.0	0.0
0.0	0.0
0.0	0.0
0.0	0.0
0.0	0.0
0.0	0.0
0.0	0.0
0.0	0.0
0.0	0.0
2.7387918920436435e-05	1.1762493460815015e-08
2.2723496714317778e-05	1.0833365182506314e-08
2.4378828722441768e-05	1.0207442694514226e-08
2.868466282856994e-05	1.3721011665552475e-08
2.76868799148804e-05	1.915860243782012e-08
2.3654590128906812e-05	2.0189401254234168e-08
2.5701175441778767e-05	1.1703409202508902e-08
2.3301749100375923e-05	1.8840472862545065e-08
2.5186511973505473e-05	1.2215175617174943e-08
3.435171332955698e-05	1.586258520898433e-08
2.6778338495043325e-05	1.022890253031832e-08
2.7301117298788926e-05	1.3413799223971367e-08
3.47364089600212e-05	1.4836848963056806e-08
2.8825661013985914e-05	1.3395795662317422e-08
2.18455036110102e-05	1.231123536951249e-08
2.310176647639473e-05	9.137973621514975e-09
2.6141441346938406e-05	1.0001745782793142e-08
2.9673383937045986e-05	1.3797276986525488e-08
2.9371245098112688e-05	1.0866216196408439e-08
2.9879406745531475e-05	1.3469379690472739e-08
3.0508729788359803e-05	2.164246792263572e-08
2.98563293667162e-05	1.1892147573721636e-08
3.426893537349244e-05	1.806819669932251e-08
3.6073503005085594e-05	1.8791457267359322e-08
2.495976283888203e-05	1.1515311712609471e-08
3.078417757287772e-05	1.25380090842432e-08
4.4439908010354446e-05	3.410222382446236e-08
3.453843281500125e-05	1.5208418997010514e-08
3.1555214435411145e-05	1.3449637376084585e-08
2.5817264355627334e-05	1.1204367262664715e-08
2.770387282601826e-05	1.2065946292261472e-08
2.464808341115278e-05	1.2405513996803256e-08
2.894992942187415e-05	1.5841200169125785e-08
2.5893737395636567e-05	1.1833180257204501e-08
2.8314327099676525e-05	1.4547691350051024e-08
2.556717959890233e-05	1.2430317582198353e-08
4.28703983637668e-05	2.3502160904785585e-08
2.9798811922955312e-05	1.3430828358135912e-08
2.1344225137513922e-05	8.86821177462365e-09
2.5450574892396985e-05	1.305162026145052e-08
3.770798550335443e-05	2.2190456316607395e-08
3.586681391175653e-05	1.921003691973084e-08
2.3361458141966576e-05	9.77412605329396e-09
2.7267998924087004e-05	1.3536638638006947e-08
2.933108893827691e-05	1.0994242754767136e-08
3.172079145283799e-05	1.7417183713956867e-08
2.725902649153566e-05	1.1156475760824242e-08
3.491047225955085e-05	2.8054137020787222e-08
2.0550286720303043e-05	7.76776066705726e-09
2.977587268215495e-05	1.3094588550344656e-08
2.7772908554672276e-05	1.1265217887164409e-08
2.168175066775108e-05	8.678067654260884e-09
2.5069369249340756e-05	1.0856560382033036e-08
2.5653637535151966e-05	1.2242358037958923e-08
3.20730558409719e-05	1.3235625129378476e-08
2.4801658714460628e-05	1.078641828511635e-08
2.475872807809823e-05	1.2569043081395827e-08
2.4126787817608986e-05	1.021600865719288e-08
2.4531228895236975e-05	1.0227789343921274e-08
3.372812938697097e-05	1.725897093535682e-08
2.6591195745186133e-05	1.1294174145061628e-08
2.066678170941521e-05	9.12030654978582e-09
2.787832950801988e-05	1.3371567469169258e-08
2.8993235917110264e-05	1.6748066718820154e-08
2.3114196746214094e-05	9.048822601168356e-09
1.9597681082220284e-05	1.0408162593624168e-08
2.740762847290314e-05	1.3490112594803496e-08
2.4045618323868358e-05	1.2027612267042761e-08
2.9408949624622786e-05	1.4022707222686305e-08
3.7287998004210595e-05	1.7962940720486464e-08
2.3751545624641663e-05	9.009063231183842e-09
2.715892384394481e-05	1.2144018858928261e-08
2.5521365629722234e-05	9.498851726354535e-09
2.9444914256102602e-05	1.7457175613579343e-08
3.3831102584063885e-05	1.655283004390079e-08
2.5662068385074228e-05	1.7751061399957874e-08
2.5883221244316703e-05	1.615957806304387e-08
3.48696719615467e-05	2.321431875975819e-08
2.930949823379208e-05	1.341821968537792e-08
3.314940611057573e-05	1.5186665554658133e-08
4.315001762896818e-05	2.195892215346956e-08
2.8568751344891554e-05	1.2432636644204057e-08
2.9063157837455755e-05	1.1196090224282392e-08
2.726899729585435e-05	1.6817954114295923e-08
3.3314286878782014e-05	1.6843767796269413e-08
4.090659173112382e-05	2.9113771531813866e-08
3.0232653675619063e-05	1.3687592799766762e-08
2.233480737152253e-05	1.1281912887717336e-08
3.417234975171054e-05	1.4495430172701399e-08
2.74214040726749e-05	1.5758419459280993e-08
2.9051118743261883e-05	1.854529139487259e-08
2.61560165161245e-05	1.0916800515325528e-08
2.6608932307870397e-05	1.1308018225552223e-08
3.5699829540203366e-05	1.6389814444478203e-08
3.195899655431186e-05	1.2867958486910408e-08
2.9531654850567502e-05	1.218142610435445e-08
3.283335573639434e-05	1.63472444364071e-08
3.523324840010656e-05	1.7714078581616117e-08
5.7477303836817494e-05	3.543002945238522e-07
4.2606167335009996e-05	9.820989676604973e-08
3.958115072652599e-05	1.901504330469557e-08
3.586862357968433e-05	1.8372426237271482e-08
3.5394471863621486e-05	1.5064032632745247e-08
2.1909367863085367e-05	1.1773411547175574e-08
2.684573397825057e-05	1.3204122339892019e-08
3.78595151304322e-05	2.5252967445538424e-08
2.8950656788304497e-05	1.4693034910303085e-08
3.7948687316780025e-05	2.2232112867654566e-08
3.4464134863731545e-05	1.8818612681165338e-08
2.632187875229848e-05	1.492821395046824e-08
3.0308750196456912e-05	1.9968949729138043e-08
2.9952020826821378e-05	2.0423078812536953e-08
4.4500465370991e-05	5.1053699720383286e-08
4.685036203723957e-05	3.807120062101239e-08
4.264158203898895e-05	3.5596759644389126e-08
4.969233949420064e-05	4.337227054374281e-08
4.188584951187161e-05	3.761832266591167e-08
2.9468771658020766e-05	2.20229299100758e-08
3.204601011234622e-05	1.5376886367064473e-08
3.0667017782389517e-05	1.560056929660365e-08
3.361783974357217e-05	1.396528920976894e-08
2.9959239511908437e-05	1.5948021471156358e-08
2.4326805832952874e-05	9.27787328131423e-09
2.75781067225326e-05	1.2315801398196715e-08
2.6970879458963687e-05	9.719983237983364e-09
3.29668119587997e-05	1.7140372825850688e-08
2.1159462057268534e-05	9.066977165369502e-09
2.5745021937610255e-05	1.1194866083232366e-08
3.1359049797024755e-05	1.354208134436704e-08
3.728195851182811e-05	2.69351164187115e-08
2.413557071539348e-05	9.970317128707633e-09
3.9951617962978705e-05	2.4261770378313656e-08
2.5106388075995777e-05	9.489974494985429e-09
2.4070511727726743e-05	9.16136488671468e-09
3.641785704135637e-05	1.7962397847260475e-08
2.8970091838990008e-05	1.1613694556044111e-08
3.5978793174524304e-05	1.5056760317846182e-08
2.961689976022394e-05	1.3529002077004363e-08
4.2303620315659304e-05	1.778446726786328e-08
2.5568066404718258e-05	1.087286298936457e-08
2.6092929306256222e-05	1.1765072912181545e-08
4.2546583412667225e-05	2.0566628605718897e-08
3.0126111012234272e-05	9.88494019078431e-09
3.548261408442719e-05	3.457458222716079e-08
3.060461034407645e-05	1.9080259315154466e-08
2.1897505524589366e-05	9.776254636978993e-09
3.158490700566126e-05	1.6137255344574816e-08
2.8262639672913456e-05	1.703224785490424e-08
2.7814186798871488e-05	1.6232925522115724e-08
3.838847491250657e-05	1.7185298087992106e-08
3.0852003001622255e-05	1.422542090178101e-08
3.494360875583235e-05	1.5174049916024697e-08
4.7591518427055156e-05	2.784849833660606e-08
3.1935788846824896e-05	1.5733228712458268e-08
2.4900898306113372e-05	1.6429414610426063e-08
2.6885068896201482e-05	1.17665283283167e-08
3.0725024459683534e-05	1.532461849796511e-08
3.5782361084978524e-05	1.6664271810720843e-08
3.8201365551956193e-05	1.9827219705793446e-08
2.7172706682837065e-05	1.2829638867714297e-08
3.8679762903028864e-05	1.921332880542035e-08
4.9308564780890434e-05	3.933338591992445e-08
4.482257570400715e-05	2.6387717115546544e-08
3.123375458314499e-05	1.4941067701723336e-08
2.6473673850429637e-05	1.2451448241685927e-08
3.470332585147354e-05	1.7354453783614012e-08
3.502624272090323e-05	1.7166683961603552e-08
3.3564430728023845e-05	1.638303361597696e-08
3.86068621938041e-05	1.936078276193133e-08
6.548037940540223e-05	2.1790019512971018e-07
3.462963939197602e-05	2.6512988120155362e-08
4.3095520271409206e-05	2.4200966052405235e-08
3.9971876031050104e-05	2.217302448776617e-08
3.976508393269903e-05	2.189205133453112e-08
4.1701810783685916e-05	2.7019088339132947e-08
3.7691037602137694e-05	2.0370861880806476e-08
4.283797953556961e-05	3.493226666050159e-08
4.4577299858260553e-05	1.0033009190582554e-07
6.142307150339686e-05	1.9928374044769493e-07
3.648495951640354e-05	9.367036455081536e-08
4.723023125313617e-05	4.47227096932447e-08
3.381365275814841e-05	2.4834738964291258e-08
3.9025090881769585e-05	3.4308766427610334e-08
3.323092837377176e-05	2.7502475191738467e-08
4.932480097715594e-05	4.529235678309176e-08
4.557285058854639e-05	4.513729069983782e-08
5.428397509874392e-05	5.0880540486570675e-08
4.4914364741597294e-05	5.081773122836174e-08
4.2616056797958135e-05	5.2170423460322466e-08
4.425514252064756e-05	5.5598694753427596e-08
3.964410448194512e-05	5.636492564481453e-08
4.811972829439498e-05	6.824241809511257e-08
5.179218542650938e-05	7.415893539310026e-08
4.0251940056437984e-05	5.44152627754323e-08
3.926577365820767e-05	2.892193316863393e-08
3.932032586927704e-05	3.0497448972302366e-08
4.0828946614317554e-05	2.341499235109171e-08
4.225322556903333e-05	2.992437013741776e-08
4.374750086407669e-05	3.383531774648019e-08
3.29460633332987e-05	2.1616911769099883e-08
3.354296412573227e-05	1.7202951047052233e-08
4.836635222551603e-05	2.687352439833726e-08
5.365134195027303e-05	5.0577825417066554e-08
4.873507933614675e-05	4.953795718522044e-08
4.335149713625229e-05	3.660796131648158e-08
4.5955950979540655e-05	3.030571872182167e-08
5.588656864968596e-05	3.7994207710644416e-08
4.340255697202111e-05	2.7416155546073375e-08
4.1758796712283815e-05	2.131175600946152e-08
4.089033787239922e-05	2.0740728192293618e-08
3.368817013422291e-05	1.3335577485660664e-08
4.022820678822777e-05	1.7862713847233115e-08
3.799002534711e-05	2.505319204264325e-08
4.699627315431971e-05	3.269999907241779e-08
4.556388857728894e-05	2.4862187399998383e-08
4.527040189573637e-05	3.5139637853821886e-08
3.6603086268082706e-05	1.6206179889930237e-08
3.267472376774048e-05	1.575185960843169e-08
3.493469506530556e-05	1.663049845506383e-08
3.2157084470731303e-05	1.8232022863548655e-08
4.071917444103725e-05	2.0589334290371673e-08
4.546454711100519e-05	2.210257656092699e-08
3.33797259514767e-05	1.4976088060062183e-08
4.4606790521611746e-05	2.659201193531885e-08
3.286892939717234e-05	1.4232658445850019e-08
4.461207389340404e-05	1.9059251839233236e-08
3.864790177531e-05	1.755635808620754e-08
4.951218217000891e-05	1.997415787740873e-08
3.68015180006142e-05	1.783282473833803e-08
3.99119172319243e-05	1.7466350223234975e-08
3.472187557244985e-05	1.8992324416215658e-08
3.905956693786259e-05	1.5688317384875115e-08
5.0074371622314575e-05	2.3877073290670277e-08
3.0912089480090165e-05	1.5287913492261915e-08
3.8639438502881515e-05	2.651927385180381e-08
2.898910149543378e-05	1.2466492586994733e-08
3.649164948136316e-05	1.3691975868109087e-08
4.0007905922332225e-05	1.8419954889295217e-08
3.803655187571247e-05	2.3305627023884986e-08
3.42886914032864e-05	1.2406488413378798e-08
3.264954795079903e-05	1.3154246524008028e-08
3.902108006128058e-05	1.8823702495726365e-08
3.815420549853979e-05	1.7137688109302323e-08
5.151350471976421e-05	3.267915835517444e-08
5.037949679287749e-05	2.5054578880885452e-08
4.0487300426931e-05	1.8010662237017894e-08
4.760368846046834e-05	2.043232859062266e-08
3.995987945915213e-05	1.6410486673112005e-08
3.119749266462768e-05	1.4291589142356635e-08
3.9158444904786074e-05	1.9265934159759246e-08
3.507278293123635e-05	1.7802775868451805e-08
4.154308107049836e-05	2.452669113923869e-08
4.115945461478431e-05	2.296916129797833e-08
3.879754680892126e-05	2.7239234184754587e-08
4.8065125696975575e-05	3.354762325967856e-08
4.678145945130597e-05	3.2546113312806804e-08
4.76824511826452e-05	3.094734221462835e-08
4.4519109292981436e-05	3.148548151424756e-08
5.176474820869225e-05	3.7523527425190585e-08
4.5758013111523394e-05	3.7453843460133085e-08
3.6335649656944706e-05	3.576364385277769e-08
3.9314045661765916e-05	3.7886368366441055e-08
4.275379484360599e-05	5.6286701292856765e-08
4.0015060996710845e-05	2.6371505513926094e-08
4.703708078971504e-05	3.0453722994678936e-08
4.469390939391742e-05	2.516825283127292e-08
4.093065053050441e-05	1.9510717973444976e-08
4.2857546206998725e-05	1.818744249934527e-08
3.601329275321982e-05	1.7877591545480392e-08
4.2232777875251616e-05	2.1196330778890638e-08
4.11835059564984e-05	1.904562853177951e-08
3.901111842586339e-05	1.7013450861585188e-08
5.640651232654557e-05	3.3938396374657796e-08
3.8349142464704565e-05	1.7628127632107014e-08
6.435193781354944e-05	3.884932184124217e-08
4.8097221810551484e-05	3.5210689964391076e-08
3.497699805346573e-05	1.4770610723769816e-08
4.6720125364411445e-05	2.551385596295217e-08
3.626491970545197e-05	1.4978900082806456e-08
4.156778526948634e-05	2.015456979766768e-08
4.242663904526935e-05	1.9386083727116828e-08
3.6225322036288044e-05	1.791646435372691e-08
3.267352110545409e-05	1.5602403502805827e-08
3.6347336853033195e-05	1.6469225189177046e-08
5.8513688536057515e-05	1.943650352308173e-07
5.1922066782468677e-05	6.296980317034942e-08
4.213794312510003e-05	1.9076999790067046e-08
3.614536318619801e-05	1.6006956849984177e-08
3.464996282339819e-05	1.5393183575181796e-08
4.6667609616694235e-05	2.444127317050718e-08
3.427745675754293e-05	1.460054958031484e-08
4.6501520480211116e-05	2.0235904155481493e-08
3.2436653664771087e-05	1.4504027417871913e-08
3.498670224596546e-05	1.3314501687850327e-08
3.983288627283057e-05	1.845440332304911e-08
3.713146667016921e-05	1.6057632619683665e-08
3.859582917874411e-05	2.0816547009242944e-08
3.6113035081224267e-05	1.7896971516654154e-08
4.67447287770311e-05	4.328678382903372e-08
4.011237220819545e-05	2.0070907195250794e-08
4.0291717896087226e-05	1.964096146006904e-08
4.2538655490254535e-05	2.4887306356105715e-08
3.967660028281959e-05	1.5218963043282216e-08
4.835012613338393e-05	2.192577392710482e-08
2.7406678658323435e-05	1.119780801729147e-08
3.2402617673096846e-05	1.967197456844238e-08
5.553516791029614e-05	3.5787685487217095e-08
4.106630394366891e-05	2.068365368924099e-08
4.1382974747838995e-05	1.7983433291421628e-08
2.8479748050132925e-05	1.5961266711558132e-08
3.22999695768355e-05	1.9286544353100513e-08
4.6943826066224336e-05	2.738438892892374e-08
3.893641256453381e-05	1.7369759803900966e-08
4.787411602076167e-05	2.0056174834561344e-08
3.966941837595534e-05	1.4967163279210266e-08
6.359672192869553e-05	2.1701124401276502e-07
4.312255143018005e-05	1.728217588848425e-08
3.13637500842213e-05	1.4305301340383058e-08
4.921415866645667e-05	4.2483357990624324e-08
3.9311797089872104e-05	3.184373884684799e-08
4.056089663699608e-05	3.267179037993689e-08
4.0938352166247444e-05	4.5190043980919707e-08
4.61663796389521e-05	2.596308279890827e-08
3.894238101284841e-05	2.2469433259794703e-08
4.822296110408332e-05	2.3574611159469023e-08
4.8389773208278824e-05	2.1562296080022763e-08
4.1452388803675814e-05	1.9344428481161438e-08
5.3426880215478514e-05	3.1748616233831755e-08
4.982641210808266e-05	3.281561597697684e-08
4.439855597056232e-05	1.976209977042371e-08
3.977157256338362e-05	2.331656532588522e-08
4.807043086721836e-05	2.2508562679110587e-08
3.603569693276354e-05	1.1934965877135368e-08
4.086743644801326e-05	2.1403089412656818e-08
3.888415005439463e-05	2.212112752814529e-08
4.651881794489142e-05	2.98975095620717e-08
4.6972144059158405e-05	2.3903501801570217e-08
4.666634590667648e-05	2.4092316188075927e-08
4.797882202363646e-05	2.9182047542793213e-08
4.627027890211504e-05	2.7018171304524824e-08
3.875566333616512e-05	2.061571990663919e-08
4.417005244736342e-05	2.7336991137569188e-08
4.712880344861526e-05	2.8096529882733515e-08
5.600222492425729e-05	3.834911839331613e-08
4.6541925681307296e-05	4.064243579264207e-08
4.6083791890802565e-05	2.7911992709555238e-08
4.077075548767367e-05	2.4247653258503363e-08
4.900922212078348e-05	2.463197808400842e-08
4.524705975534606e-05	2.3776071881356294e-08
4.890553474273333e-05	2.206750743009753e-08
3.992501017701243e-05	1.946703882287818e-08
4.042535363803323e-05	1.8036956302405384e-08
3.911447520799658e-05	2.1890067189968143e-08
4.530487109522088e-05	2.1506141036844814e-08
4.920180875498063e-05	2.2296275738853785e-08
4.0409652943561976e-05	1.6450619531264448e-08
4.117430720473027e-05	2.6389129648796222e-08
4.721849355576511e-05	2.6527912568681913e-08
3.7518924392967095e-05	1.709335143588629e-08
4.119566139646533e-05	2.1688612002107013e-08
3.3485303900487805e-05	1.3151773966200191e-08
3.969041742074737e-05	1.9755624770691384e-08
4.264720797474684e-05	2.114945115191442e-08
3.947590715337717e-05	2.2653659906469543e-08
7.472740104344443e-05	2.0573733113673433e-07
5.1086737903434826e-05	2.5518896820077204e-08
4.893308880529624e-05	2.3689655944351906e-08
5.251486424167978e-05	2.660899946857781e-08
4.51539765488472e-05	2.10006644836595e-08
5.300327708375377e-05	3.768303227641952e-08
3.895787966465627e-05	1.7616159141309505e-08
4.5606659539737925e-05	2.1455981944035803e-08
5.2409043087884544e-05	2.2653760695081356e-08
4.732766438628407e-05	2.323011729197991e-08
5.0104870883012366e-05	2.3577077623825963e-08
3.822926714271933e-05	1.4703023707821405e-08
4.8319340118505506e-05	2.172892237267048e-08
5.3372432540175006e-05	4.698776784447042e-08
7.553488232967423e-05	9.994241534100439e-08
8.717726750794461e-05	5.395364880964046e-07
6.125010190614335e-05	5.804768283356783e-08
5.14210284111665e-05	5.3357566327516493e-08
7.198797837718709e-05	1.0948477720218703e-07
6.32030361068648e-05	1.0037411667245237e-07
7.579820725102986e-05	1.2365819354596765e-07
5.9774938218420205e-05	6.805044183768648e-08
5.165458165917005e-05	4.688834854190421e-08
5.991748164558486e-05	5.162873391162617e-08
4.9224331719830324e-05	5.074296876653802e-08
5.417726331166839e-05	2.756230282384801e-08
5.764434324700774e-05	2.853762495090244e-08
3.669316380802061e-05	1.6751831152699244e-08
4.869540805994869e-05	2.1720749978235633e-08
6.503768492267231e-05	4.382569032286269e-08
3.78879504139839e-05	1.4680746321037355e-08
4.417772158424421e-05	1.8504062363907623e-08
3.904422662963211e-05	1.5540379889395312e-08
5.0604037543660745e-05	5.0283539306458966e-08
5.128130512061379e-05	4.036451259519271e-08
4.539548218559246e-05	4.146143730836321e-08
5.1591823392119936e-05	5.7505671075446604e-08
6.229434324400597e-05	9.516981291936214e-08
5.1217522411759604e-05	8.13803497300543e-08
6.0727659656379904e-05	1.0950020914467444e-07
6.815934368389953e-05	1.3239647951275074e-07
6.23216584040707e-05	1.52382770863385e-07
6.814711214743114e-05	1.8451035998276241e-07
6.560806446756715e-05	6.181566218228688e-08
4.2250562241333105e-05	2.0708636948504136e-08
4.785744510978627e-05	2.1560896962199723e-08
5.093379357136275e-05	3.551803132921062e-08
3.155564953469237e-05	1.1366841583003251e-08
4.9192321973200284e-05	2.5362470924226504e-08
5.5141689916729275e-05	2.22878160570349e-08
4.9558299411368415e-05	2.8718586338730422e-08
5.1395277962792145e-05	3.809242903486993e-08
7.463140968822452e-05	1.8842162151175393e-07
5.570257997041518e-05	4.637493234650507e-08
5.940577895488013e-05	3.549892861799889e-08
5.510491394277551e-05	2.8131299369307177e-08
5.453338023235051e-05	2.5130422482461886e-08
4.701639435291744e-05	2.219206680716622e-08
5.184656769286778e-05	2.5703251319345522e-08
5.728779644569168e-05	3.6364255355396164e-08
4.929516055476018e-05	2.8095187261586142e-08
5.972055829675694e-05	1.515497840552958e-07
7.310246404994706e-05	8.281302068739565e-08
6.465012790890713e-05	5.13738007789003e-08
0.00011003591029914898	1.8588859804868096e-06
7.027667026186599e-05	1.2152698941748516e-07
5.7195729425068554e-05	4.023143435810307e-08
6.281147466916326e-05	6.341418864193669e-08
4.920365051582909e-05	2.8787552696899592e-08
5.773619626394046e-05	4.330679917372162e-08
6.829656258399803e-05	4.6334136926251386e-08
5.9000489872349165e-05	4.9782716540596926e-08
5.9534950592647494e-05	8.604512824474694e-08
6.691895718058673e-05	1.2889763404232943e-07
8.747553565498708e-05	5.026328769741503e-07
8.808576660007393e-05	5.473174178085772e-07
6.314500085132115e-05	8.115121446991191e-08
5.141880145311812e-05	3.7477860807748745e-08
6.720004722846533e-05	4.172091935170943e-08
5.498866021511443e-05	3.188794754365862e-08
5.265173651127575e-05	4.1345323843123795e-08
7.238454979506263e-05	5.072907119933756e-08
5.7345543283820994e-05	2.571727921712229e-08
6.258105738246914e-05	4.786130955387483e-08
4.696319761063699e-05	2.2737466261383882e-08
6.561379687183284e-05	3.3106698137642215e-08
5.417488974416665e-05	3.3587896896541893e-08
6.0241582496700866e-05	3.555341510039212e-08
7.111682080902467e-05	5.5587299534311235e-08
5.843505823685603e-05	3.2727629731558115e-08
5.218781674490522e-05	3.059236773974815e-08
6.79932472647687e-05	5.272949482087909e-08
6.631251753412971e-05	5.5040781202475936e-08
6.212478465289115e-05	4.211912016240583e-08
6.715230832431302e-05	6.340480457512617e-08
6.410965283615257e-05	4.4888997540942545e-08
6.571438622524779e-05	5.252905074976299e-08
6.935386130610017e-05	5.137077024981682e-08
6.498770712285526e-05	5.52592412531368e-08
7.482356382907413e-05	7.237971689702156e-08
6.817040187540472e-05	4.067715605138133e-08
6.663011461835572e-05	3.7548664210049936e-08
5.2545030995355146e-05	2.3817730439047685e-08
6.093140257466894e-05	3.5935110480012154e-08
6.372718930151456e-05	3.3842406709121633e-08
5.7587521126865655e-05	3.166019926837189e-08
8.413122439716869e-05	9.587203820055245e-08
7.167386968448188e-05	4.049547978662333e-08
7.301668655543602e-05	5.8592284185902514e-08
6.247052231776386e-05	7.646718686257932e-08
7.017762479551021e-05	6.950964600247347e-08
6.592668730398592e-05	4.124742666601116e-08
6.185387695968474e-05	5.9220175776951105e-08
6.339023997506493e-05	6.086799281085741e-08
4.800327759956181e-05	2.1563598180386173e-08
7.106123731738611e-05	5.711675765572453e-08
6.713714900395954e-05	6.130118009105652e-08
6.43702262930424e-05	3.953598816711952e-08
5.812541622589773e-05	4.150809442510351e-08
5.8726092153972346e-05	3.729547034047443e-08
5.9440695176039916e-05	4.340336136588339e-08
6.816546193800477e-05	5.9015565087883865e-08
5.729990799343847e-05	3.335877537366956e-08
7.173512979736745e-05	4.9052395743054423e-08
4.998177790260723e-05	2.798259009806709e-08
6.684566608440581e-05	4.2062923950441115e-08
6.644985972330486e-05	3.4074277945516075e-08
7.358682218977668e-05	7.388081736171656e-08
7.458231925871781e-05	3.959534785245744e-08
7.556256378884596e-05	4.4378297630873475e-08
5.3647169255611774e-05	3.501236565165079e-08
6.568247449624346e-05	5.3320311758534244e-08
6.817670574919222e-05	5.093009140798119e-08
9.181057718634192e-05	7.36443893725674e-08
7.187647124429883e-05	4.7238431213042224e-08
7.92052310795869e-05	5.2265064111826526e-08
8.96869359944416e-05	8.128616574138183e-08
7.520347391282477e-05	8.09940311993137e-08
7.838841477206177e-05	7.533358139031638e-08
6.284078233559475e-05	4.573005123941533e-08
5.973590450990967e-05	4.425025788923338e-08
6.590314073305087e-05	3.2802471185864293e-08
7.24750833972662e-05	4.899196271002163e-08
6.256063216403084e-05	3.2642581856945336e-08
7.553323794246374e-05	4.580393524973445e-08
7.983460763246687e-05	4.6293897166188256e-08
6.81678470780008e-05	3.953313550554045e-08
6.870745980932545e-05	4.3071587147995894e-08
6.584228714345417e-05	3.883263602693691e-08
6.921004745144484e-05	3.4686196514428354e-08
6.013656841522273e-05	2.6481848015615892e-08
7.894901678293606e-05	3.9864195075253184e-08
5.846157856505561e-05	3.6778403692645926e-08
8.356974226498747e-05	6.37045844153607e-08
6.088486341238782e-05	4.019251818395245e-08
6.742596567170526e-05	3.730600794219485e-08
7.541812172586421e-05	5.006213496984347e-08
6.782128138783308e-05	4.273279384992832e-08
7.50694518646514e-05	4.3646307225250374e-08
7.236714274163625e-05	5.213325676160385e-08
8.498016908865125e-05	5.173872543993663e-08
7.009615389058814e-05	5.5680466715260855e-08
6.672429357868658e-05	3.3066093020311896e-08
7.285678956100725e-05	3.497629174411247e-08
6.233924696236729e-05	2.546691350535694e-08
6.224701215424467e-05	4.179423996191499e-08
6.989135313793162e-05	3.66114275227208e-08
9.726685752416337e-05	5.3704706865947844e-08
7.383887674237107e-05	7.898885812713968e-08
7.667867724132877e-05	5.471441586302074e-08
6.675505569519166e-05	3.578899264807508e-08
0.00010170801916901025	1.036373861943815e-07
7.597601019548682e-05	5.284407559614935e-08
6.628577647650028e-05	2.957684649263949e-08
7.222674082823367e-05	4.6873753610556467e-08
8.664894174950255e-05	7.544719246773833e-08
7.308576330186916e-05	4.033056515171811e-08
6.962962012023382e-05	3.3180357886304546e-08
6.521758893215696e-05	6.045467861058201e-08
6.457464755204292e-05	2.939595851599168e-08
5.616605560861556e-05	2.327119340949758e-08
6.479378833741296e-05	2.8387080574113463e-08
4.732087387499849e-05	1.7011701238205753e-08
9.595083660188743e-05	1.3224643777493652e-07
7.656841910790325e-05	4.175953330140688e-08
7.260916045478678e-05	3.0689067101706074e-08
6.554283413070617e-05	2.949133548177086e-08
6.999506593679535e-05	2.7607682380929668e-08
7.688453114299279e-05	3.660406548632428e-08
6.110626735056516e-05	3.094684941276314e-08
8.995928978196894e-05	7.097416563108477e-08
7.4646090828367e-05	3.7155766085796454e-08
7.994479552325676e-05	4.696861371273462e-08
8.529117826614193e-05	3.827102045611862e-08
7.974964429646393e-05	4.476503746418847e-08
6.140760655694501e-05	3.193242632808423e-08
8.940917611823924e-05	6.053688810925391e-08
6.631880940038923e-05	4.4981346281101795e-08
6.595376676775543e-05	3.012637856078355e-08
7.46734082564601e-05	3.25388999742155e-08
8.57815522039025e-05	4.6504623560211406e-08
8.497083640283009e-05	4.462139426180045e-08
8.389122283135539e-05	3.810518024364575e-08
6.139806182976635e-05	2.4693217161977334e-08
8.58038446676206e-05	4.9152552198671663e-08
7.643659170792357e-05	4.3697839496947246e-08
7.976002102659389e-05	4.476237668827408e-08
7.110813589563716e-05	3.598946124156045e-08
8.721601512796315e-05	3.894287680982762e-08
7.376005275505987e-05	3.3258039165682875e-08
6.438338949293097e-05	2.657834681581256e-08
6.851486526776429e-05	2.9776848188067176e-08
7.405453836822364e-05	4.110236649114384e-08
8.53283692024094e-05	6.032816697593032e-08
0.00010596324974590388	5.495094534405102e-08
7.646104409744369e-05	4.8715869367821694e-08
8.780819887500483e-05	7.028830473885382e-08
0.00010228476223013146	7.766548021748296e-08
0.00010591671098518341	9.036704759628035e-08
0.00010436492561495551	9.546794551934239e-08
9.647517935604568e-05	1.022136692839666e-07
0.00010254981703736707	4.2669225146479914e-07
8.281936430657442e-05	5.983934918384882e-08
8.340223907727303e-05	8.041181990703612e-08
0.00010329074311422536	7.618994800883256e-08
9.71228811284449e-05	7.314391146763598e-08
9.342139950616219e-05	7.33989388179474e-08
9.292513515948118e-05	7.687772472340904e-08
9.115662132546092e-05	5.440565533551522e-08
9.387408708735477e-05	8.664324861522681e-08
8.07557781620687e-05	5.068554580176775e-08
0.000104067752536147	5.639800390931671e-08
7.35566403796721e-05	2.989646402524919e-08
8.904496697506558e-05	6.857064300671953e-08
8.614867263862797e-05	5.3942514130785447e-08
7.975128173461875e-05	4.296495338007826e-08
7.884299544087707e-05	3.3951637945822226e-08
0.00012678356910151398	6.814251413524905e-07
0.00015083506052013138	2.533814548079738e-06
0.00016201502675645095	2.010363680435103e-06
0.00013695451294470638	1.5485074122438014e-06
0.0001345432218773012	1.1563917873246906e-06
0.00012874726715380732	8.178248036885311e-07
0.00012307973681537597	5.339494524662511e-07
0.00010460306905183077	3.1609120401213766e-07
9.732552078248239e-05	1.656897488045939e-07
0.00010082115840016224	9.051518148748924e-08
8.001964630600278e-05	3.407379241691186e-08
0.00010646772271949687	6.893201821964839e-08
8.446149948747156e-05	5.61247899206047e-08
7.966899625644374e-05	3.8667709116498624e-08
8.461212040331828e-05	4.6364644758587664e-08
8.289230532366005e-05	3.9164800898030435e-08
8.42871830116891e-05	4.216747469652177e-08
9.289425056075083e-05	4.740517836798655e-08
0.00010282913687937241	1.1091193462947306e-07
0.00012854271270811186	3.474177818007451e-07
0.0001342316363263039	7.156300765831081e-07
9.430505477825359e-05	4.769419806100716e-08
8.942701678815096e-05	3.6951437599747364e-08
9.658286128242502e-05	4.158256875268654e-08
7.590777290127672e-05	3.7308344893635876e-08
8.368037288115584e-05	3.3478447659060604e-08
9.423683842414149e-05	4.685331536090346e-08
8.232697025209115e-05	4.313703651026525e-08
0.00010873203764480065	1.7391451257417728e-07
9.830979259822525e-05	5.2371541742814526e-08
9.681797865323399e-05	5.294556623761147e-08
9.352842991384457e-05	3.746539334096436e-08
9.130617694532005e-05	4.722634455681365e-08
0.00011195127359442699	1.8637174608606824e-07
0.00010227273826840869	1.0993466568800677e-07
0.00011700826565638711	6.356412794914944e-08
0.00011913492166006224	1.558909144196992e-07
9.467979243461972e-05	5.697045188924584e-08
0.00010831896329426052	6.252012419407618e-08
0.0001391806749532131	4.733733965162546e-07
0.00011654168448962833	6.264401540548831e-08
9.460913257577143e-05	4.198481622326027e-08
0.0001254053696249819	5.147146019015335e-07
0.00011146541208266505	8.837525495808723e-08
8.430970483631558e-05	3.866352908225787e-08
0.00010467520477062905	7.977734996317155e-08
0.00010734715788033535	8.000209543642599e-08
9.814809145965454e-05	4.53178227357762e-08
0.00012264245595678606	3.1905207275901806e-07
0.00010225636031673537	4.8311405149295865e-08
0.00011090446101755644	5.14363674534111e-08
0.00012230583646998254	6.2571775117026e-08
0.00010622412220083313	7.533511369784206e-08
0.00010544079377418865	5.963901806728453e-08
9.988075197914621e-05	5.0711688301634485e-08
0.00011472119813649575	6.487346951085124e-08
9.327839263565673e-05	3.962173374385475e-08
0.00010308293217648013	5.6866203199650215e-08
0.00011005970488468575	5.279152561109441e-08
9.744408207168933e-05	7.000063200693723e-08
0.00013891543610914007	1.56074158813771e-07
0.00012489874326952874	1.57879617099721e-07
0.00013606400139049433	2.084723967844123e-07
0.00011460601723539583	2.6206001379420996e-07
0.00015352320301917526	4.0915524066965894e-07
0.00013292472181613692	4.586791718004598e-07
0.00016423301323348263	7.980684137116848e-07
0.0001186691995596595	1.133469070602975e-07
0.00011314175920280012	9.811233921947968e-08
0.00011805360486536187	1.1545318791913062e-07
0.00013514850630372342	1.3211915835089175e-07
0.00012908031332002046	1.3066884982262754e-07
0.00014787847162363234	1.496014565199777e-07
0.00014209623526271513	2.115340499937097e-07
0.0001295141794325894	1.6037430673331759e-07
0.00015331016480022683	2.1057192457804252e-07
0.00014597105720489488	2.1391798340401633e-07
0.00016681537939434218	2.2539747174347685e-07
0.00011042604729552552	7.82990850971462e-08
0.00013735403887718976	1.1550919158508741e-07
0.0001304369513539741	9.494108111548051e-08
0.00014584492722095722	1.0063900916916952e-07
0.00013882403902014517	1.1453832096207696e-07
0.00013586757783601728	1.3000395481748835e-07
0.0001317636281826438	1.0920606036706047e-07
0.00014590063912310377	1.1705004794026366e-07
0.00014286175659808934	1.0667147706120996e-07
0.0001554980837574643	1.5973887985326725e-07
0.00016463457639919875	2.4941414562823656e-07
0.00015655711617914832	2.5154103123005994e-07
0.00017496303898192626	3.028145086474555e-07
0.00016991161498889734	2.651147003851732e-07
0.0001672059532425573	2.6734169761585275e-07
0.00016187697762084613	2.2366256300506072e-07
0.00016317299525170717	2.2299162472974803e-07
0.00014065327236381086	9.384894683973236e-08
0.00018364890672700152	5.338209415562331e-07
0.00015304024361314004	1.392346787835938e-07
0.00014504893529380245	1.1353998615871879e-07
0.00013091142826871598	8.76742605589108e-08
0.00014643875835971445	1.22333502740876e-07
0.00015685692050268398	1.6627853407866928e-07
0.00014731288338093072	1.9466399946378376e-07
0.00016101657829186951	2.2553919485875817e-07
0.0001690785801118718	2.419959287266626e-07
0.00016965159985370823	2.8872375771184657e-07
0.00015652167272172833	1.9286741275531398e-07
0.00020318949683114957	4.776424999473409e-07
0.0001977032732740078	1.0116731981252378e-06
0.00041285986854053773	2.5522714104107878e-05
0.00025112896622386197	1.0250727402985918e-06
0.00018266093516659042	4.828066092221555e-07
0.0001955012448330255	8.913936790197948e-07
0.0001866921478473144	4.013169765819688e-07
0.00017368548586628723	1.750042795183004e-07
0.00017257392344314975	1.5842102100194596e-07
0.00017890520970124924	1.8005052809381018e-07
0.0001503836006988809	1.4618708519063337e-07
0.00016444451820623874	1.6560720948147671e-07
0.00018087241104540198	1.8985054239507507e-07
0.00017843691398144397	2.0089758826876445e-07
0.0001729708948017888	4.572616381176139e-07
0.00020394552126314232	4.62012212899944e-07
0.0001861342634215466	2.4882396480660487e-07
0.00018263255832319032	1.4188633545370767e-07
0.00015631584069765895	1.2591497909377388e-07
0.00013376676068488537	9.107937195700874e-08
0.00014590321289953954	1.2187664099245603e-07
0.00023809625330951424	1.615025900721434e-06
0.00016489650623518419	1.8760123798062706e-07
0.00016003070143770105	2.7141926548224276e-07
0.0002099344173816507	4.1064188505495215e-07
0.0001931183963825168	2.1776724017020795e-07
0.0001682428988314166	1.262304847541549e-07
0.00014801445289366462	9.315470515933816e-08
0.0001610478085389028	1.5424940339879e-07
0.0001667257820650673	1.582009435648202e-07
0.00017071848090570197	1.2536474632347158e-07
0.00021326025884403597	7.287289957059704e-07
0.0001684172050385948	1.1714247870957312e-07
0.00017816847259990157	1.0545103706252863e-07
0.00015845246945438659	8.162601968452369e-08
0.00017998360779548518	1.1047123097371154e-07
0.00017254468555527163	1.111404100164196e-07
0.000179936584359811	1.0944471898517803e-07
0.00017444952001108925	1.025152859001678e-07
0.00019140703367430376	1.1358921532974867e-07
0.0001769913563790254	1.0551956671485323e-07
0.00019594617371314045	1.296968877310954e-07
0.00020939961227189655	1.798422523156122e-07
0.000176069518797796	1.1884443153872914e-07
0.00022784956898369498	3.7608874255936205e-07
0.00020662529365515487	2.92555949761918e-07
0.00021145109270113575	2.4074857989888064e-07
0.00021511709019223754	2.0713576181773354e-07
0.00018989428365845715	1.5528879917565758e-07
0.00018131159104171847	1.252557314379584e-07
0.00019768501250957618	1.2006963503799498e-07
0.00019057767577675545	1.0073432212645742e-07
0.0001811630965866194	9.889763245541517e-08
0.00019966485328531635	2.0255046610216432e-07
0.00022307970400628862	3.907422743204269e-07
0.0002449046213760606	7.827119778468793e-07
0.00025769807273214447	1.3085163917041718e-06
0.00024401368484088572	1.210252402887621e-06
0.0002687761704930287	1.1309856498162723e-06
0.0002703907866297456	1.0794192264667057e-06
0.0002614712856787809	9.635283455025198e-07
0.0002547279438642753	8.239505625895026e-07
0.00026089187516002986	7.704734461332254e-07
0.0002620041877902975	7.799287572902976e-07
0.00026457361927783544	6.755847412553748e-07
0.00028105496968143816	5.999383183467754e-07
0.00025008899507973566	4.848676762831133e-07
0.000225672392819706	4.0074243321263885e-07
0.00025156733258693495	3.7072476557468263e-07
0.00024631811930737776	3.128144001657607e-07
0.0002357948102548117	2.9774827681406645e-07
0.00026413356994585093	2.6747242617988773e-07
0.00024548832798532817	1.9201214803522727e-07
0.00023589339661905546	1.821654564569294e-07
0.00022932023977364105	1.436833811533506e-07
0.0002442636832711744	1.541068556325856e-07
0.00021534337909425683	1.2185178970127417e-07
0.00023713090730305045	1.198073874177412e-07
0.0002462638941853975	1.688080100952474e-07
0.00024158979058059156	1.295053537809862e-07
0.0002488099842981699	1.4148394467322621e-07
0.00023627215362772989	1.7581738001352311e-07
0.0002656534321479955	2.0657002557137128e-07
0.00028518837510420607	2.849856904913922e-07
0.0002572295144399764	2.6825880733813164e-07
0.0002773625532340799	3.1079752993277967e-07
0.00024448366140024803	1.3928151167719576e-07
0.0002671484077851875	1.2475596559012215e-07
0.000247533934583896	1.2365557545854377e-07
0.00024762136853285826	1.311731249920436e-07
0.00026733952826045096	1.5831436956319452e-07
0.0002762973966907808	1.7884186038415144e-07
0.00026614534170428224	1.7214668660941722e-07
0.0003011917925674617	2.220194608347862e-07
0.00026374251220211885	1.9354729909980444e-07
0.0002896454654786842	2.3281561290519582e-07
0.00029639633410798985	1.9652132989987858e-07
0.00030172663544233427	2.1554923453487208e-07
0.0003037080960915684	2.0200321010369743e-07
0.00032154985216083037	2.3140892363546687e-07
0.0003066850689920532	2.000929487388063e-07
0.000324323752437794	2.287766222972941e-07
0.00033213519006887205	1.9152507044192825e-07
0.0002596731408884072	1.6598101950979432e-07
0.00030840903066682384	1.6305990831382503e-07
0.00027451778970416816	1.297547639367884e-07
0.00033394229865879875	2.5009143366645955e-07
0.0003573249054552137	2.2746332789207226e-07
0.0003081254298362202	1.694059729813056e-07
0.0003069377920569725	1.769999551097425e-07
0.0003299426811322963	1.963434921162997e-07
0.000332771682416268	1.9843424817643303e-07
0.00033578550002540483	2.7164567771599167e-07
0.0003260805803334339	1.773440442847316e-07
0.0003677851189742013	2.2593024391368898e-07
0.00032983635883198156	1.7176735428364626e-07
0.0003242247834193457	1.833749287048387e-07
0.00035119579254441085	2.2115591460797445e-07
0.0003517589651317809	1.921261470605685e-07
0.0003523765172911507	1.956801087804734e-07
0.0003550203851039521	1.8213909504517482e-07
0.000362808908030292	1.8767930947654696e-07
0.00037744467311044656	2.5371851946224843e-07
0.00037337212473172204	2.3929996746007623e-07
0.00034739314771348016	2.0447479356848296e-07
0.0003576588230071281	2.062185086171929e-07
0.00038114863225710105	2.089201321298092e-07
0.0003802834594962666	2.2096786288688577e-07
0.0003957011771644993	3.406525236721928e-07
0.0003649138913018377	2.1924613055842097e-07
0.00042622601315146915	2.69982687503839e-07
0.00037599010788268237	2.3180459524669227e-07
0.0004024567279672665	2.2276366703609544e-07
0.0003621426703650448	1.893649079135842e-07
0.0003823672142880756	2.1970632005607993e-07
0.0003416601248466623	1.6714072981496314e-07
0.0004055750475513776	2.3241016854680434e-07
0.0004247120717189312	2.333165056942965e-07
0.0004269077903082052	2.5831234017019365e-07
0.0004383786645804347	2.48830946655485e-07
0.0003909387774224514	2.3590200547178368e-07
0.0004520024752870952	2.7112623294941473e-07
0.00043772883091235327	2.417528763746579e-07
0.00042706768046574923	2.45991618598131e-07
0.0004498348672546394	2.9096620005155085e-07
0.0004665841440885505	2.743384132360189e-07
0.00043069070409100307	2.416632610727562e-07
0.00046583437489136024	2.4816057314314707e-07
0.0005051805345687859	3.20599099634611e-07
0.0004868606206045549	2.629052951289716e-07
0.00048279852946569437	2.8480976590986576e-07
0.0005005576127235185	3.2685169453892587e-07
0.0005055365494292265	2.932355858383653e-07
0.0004981167832898702	3.0013614507176035e-07
0.000491091911087899	2.695753573216054e-07
0.0004837542625566871	2.762902730305666e-07
0.0005284979225097548	5.528611735111329e-07
0.0005122772109206118	2.8928344296273955e-07
0.0005486710213279671	3.144491756293236e-07
0.0005755059868086524	3.7700766630246394e-07
0.0005634511755368705	3.4944768328750745e-07
0.000598125682699745	4.0007117449348953e-07
0.0006213002553719023	3.9237530870472913e-07
0.0005944778995503906	4.244217211228746e-07
0.0005524015229431201	3.1390805769066683e-07
0.0005996543766589369	3.8753733691320794e-07
0.0005784320256187363	4.4427048309639494e-07
0.0006024029819256672	3.716591951383106e-07
0.0005676949090448026	3.474201244918917e-07
0.0005635888886577017	3.842842285431218e-07
0.0006069882712483678	3.988448699762119e-07
0.0005743513951156527	3.5346843308861117e-07
0.0005864428940049307	3.59642661944624e-07
0.0006421075671064907	5.022612958834037e-07
0.0006186787105780785	4.1500435704917675e-07
0.0006056230157449392	3.174154039217863e-07
0.0006493450186736153	4.163140706979886e-07
0.0006048261825179673	3.798260392354488e-07
0.000644740337335905	3.6932806573459304e-07
0.0006644227694828206	4.0281153173900013e-07
0.0006326521132981529	3.899498886591352e-07
0.0006615488549798253	5.029176931248089e-07
0.000693908798741865	4.4383014556235033e-07
0.0007661613125507199	4.959375138985953e-07
0.0007036556390749742	4.254859899641214e-07
0.0007165554822417606	4.866160665422781e-07
0.0006853818788651193	4.930191927336145e-07
0.0007596067650024032	5.537415553547472e-07
0.0007197063514507666	4.6253195469464674e-07
0.0007886044405080882	5.477997859913389e-07
0.000729885535137557	4.594256800126089e-07
0.000768668918482785	5.037350665006558e-07
0.0008268433618564213	6.842787373406043e-07
0.0008369461486783034	5.738799612236977e-07
0.0007847780155588701	6.57452036800166e-07
0.0008190832731731603	6.74959683727018e-07
0.0008575696663876816	6.782531907340999e-07
0.0008743426295244138	6.080240058289263e-07
0.000832516159781411	5.760531633282216e-07
0.0008930310828863432	6.494450031860716e-07
0.0009231652903693472	6.743597242663752e-07
0.0009168166165347663	7.781675702960008e-07
0.0009292753754320592	7.776650844746302e-07
0.0009073455469685548	7.288602806762693e-07
0.0009249468055685265	7.223970679807151e-07
0.0009093779858577749	7.410524451081111e-07
0.0010401302848716042	7.462409823840897e-07
0.0009724095354521089	8.481114830399652e-07
0.0009806602077881506	7.159860301195496e-07
0.0010280616588275856	6.915250264567747e-07
0.0010756524733854709	9.395605636842399e-07
0.0010191935630405656	9.123706139531909e-07
0.0010930828956571665	1.0912490508915654e-06
0.001092732648523429	8.337955326111349e-07
0.001064581689502751	7.447436935590603e-07
0.0011317698815485608	1.0115099914407867e-06
0.0011744406011774463	9.378701885917143e-07
0.001192448681874067	9.587971028799083e-07
0.0011674365069932143	9.633324402804317e-07
0.0012043474944004573	9.720769786982536e-07
0.0012255007915686186	9.76714709402113e-07
0.0012066136370410226	9.050528284500162e-07
0.0012235080449699886	1.0917762133779936e-06
0.0012913465888800147	1.1744735404265e-06
0.0012404744209526192	9.211901364342786e-07
0.001260157448085195	1.0864148504676922e-06
0.0012943798264236665	1.0590434595646082e-06
0.0012962978423552043	9.882101436948677e-07
0.0014288153711195669	1.1826765085670714e-06
0.0013884094271337977	1.0022427163646914e-06
0.0014474147995128927	1.2411002053438292e-06
0.0014967964200935692	1.3498036137979428e-06
0.001476432127128669	1.3095492316022308e-06
0.001501188942254916	1.2418812842546782e-06
0.001557154115195804	1.2845101432795994e-06
0.0015054052993927927	1.1468387591114954e-06
0.0017384088412353766	1.954626242216481e-06
0.001648839799207383	1.635483382968152e-06
0.0016316724023538955	1.5928663845044169e-06
0.0016831855228926344	1.6152894417058628e-06
0.0017971100206910693	1.7644298100452184e-06
0.0017759522992250455	1.72113799224888e-06
0.0018618153327772796	1.6791471221598874e-06
0.0018670487738726815	1.5954056465603057e-06
0.0018181514034340597	1.557573707769406e-06
0.0018670162870233207	1.496595544272265e-06
0.0019395207419877283	1.6119998950104097e-06
0.001985710767054034	1.538717101779089e-06
0.0020956544319044464	1.7445115986183458e-06
0.0021501787029779194	1.8726348192524025e-06
0.002093025464956657	1.796737076095975e-06
0.0022277424744288317	1.9675087297376416e-06
0.0022681912713675974	1.9142166376534244e-06
0.002231288351890682	1.8109996943341994e-06
0.002336732976195212	2.1872437027019425e-06
0.0024012743033604875	2.283698536508932e-06
0.0025111434191359898	2.6779681434147926e-06
0.002599769449062902	2.750573351663843e-06
0.002697054608621924	2.5231591073898683e-06
0.0028090882282314645	4.104537857829919e-06
0.002984242005347126	1.3575375950614569e-05
0.0029823443842549075	7.641356670972061e-06
0.003046667084814001	3.261433124864301e-06
0.0030721441001198063	3.226140474069125e-06
0.0030765171423639387	2.9971187147686133e-06
0.003193938237794678	3.321251305509985e-06
0.0033529943229669277	3.905817462394275e-06
0.0033823305643124846	3.081374732967755e-06
0.003452757830887926	3.252326378450638e-06
0.003645605651509295	3.5531103069766318e-06
0.0037038385427980423	4.038189944988275e-06
0.003951363634798973	3.951597930353686e-06
0.003988252655541584	3.791984756262057e-06
0.004269470579704265	4.335657644476363e-06
0.004475135384754887	5.222715363274534e-06
0.004732178723200067	5.299969291860203e-06
0.004907303099076577	6.150399998565163e-06
0.005163143956589749	5.434693971854221e-06
0.005433507932722226	6.986917600169967e-06
0.005761194961680851	6.532266213038614e-06
0.0062956185701013995	7.537309610419792e-06
0.006747490086648029	7.265354165271491e-06
0.0071993996092274	8.027384264631748e-06
0.007649709068547218	7.373996114022934e-06
0.00897094902834805	8.933315201029247e-06
0.01000925782298884	9.854473422319426e-06
0.011788659703187697	1.1382762969589907e-05
0.014316981248218777	5.3193807069676874e-05
0.018122007881178737	3.532060053008645e-05
0.025075264502599445	4.228593723210004e-05
0.04595803085198766	0.00014480927975336053
0.11135606676324626	0.0006853155503142704
0.045238372864709886	0.00017917209352258007
0.02512378178475509	6.402849762326637e-05
0.01810041414688381	3.7835277898241744e-05
0.014052139504045632	2.487316638506732e-05
0.011532128181462167	1.8110428459037104e-05
0.010027220795759191	1.3517660757441029e-05
0.008801514788749937	1.1385588786738213e-05
0.007912587848901566	8.725519281996233e-06
0.007111453562961169	8.037045091873789e-06
0.006342142941701109	6.766339522677344e-06
0.006121089306719629	9.895890800569301e-06
0.0056068945799820505	5.830671604603556e-06
0.0052170369977838195	5.465731085128651e-06
0.004953685082976325	5.784883235071492e-06
0.004614375346134762	5.092608403407356e-06
0.004429139785155319	5.569732471344165e-06
0.004293140021060451	5.857723759248627e-06
0.0041415026184257455	5.7337804949800246e-06
0.0038341473026520466	5.34619602382067e-06
0.0037336908585246706	5.543596306634148e-06
0.003585576624160495	5.141760738947074e-06
0.0035111352070489026	5.03350233160426e-06
0.0032990544712747072	4.4437276741305495e-06
0.0032442031307238555	3.848135811125884e-06
0.0030988396374428827	3.5974768309363393e-06
0.003030778412483176	3.2968515053237643e-06
0.0029627746229813727	3.6853132167142163e-06
0.002928341557769995	3.295864814011219e-06
0.0027627914137687425	3.0288653993529615e-06
0.002776401706898839	2.733508615818858e-06
0.002655692074533359	3.615168945190866e-06
0.0025660340168774357	2.878263628659437e-06
0.002461340895912557	2.650304206851757e-06
0.0023674873185893387	2.497067543603774e-06
0.00236170332255309	2.722450432320881e-06
0.002269679233756465	2.49489343654425e-06
0.002221282294651062	2.2232597655681715e-06
0.0021843174276120264	2.2930612570572676e-06
0.002124367770050087	2.0837804208854014e-06
0.00215668224449105	2.0475180054419706e-06
0.002147076163580134	1.9663508103879195e-06
0.002053909351457907	1.7247710424500356e-06
0.0019509664808060783	1.7817076507253808e-06
0.0018543544233823313	1.688856561666133e-06
0.0017575021452817066	1.3921149940320385e-06
0.0018013651609627961	1.4267171909924176e-06
0.0018005335433078252	1.3829265772731485e-06
0.0017431074535777377	1.344674754812526e-06
0.0016944520440037255	1.4800698029169468e-06
0.0017056361893269026	1.3751601015715651e-06
0.0016260638038206434	1.4334700058141662e-06
0.0015709284739714874	1.3102242935589269e-06
0.001574779624826752	1.4721586628598346e-06
0.0015117270915541044	1.3653773024517059e-06
0.0015053573119986072	1.3322835650030287e-06
0.0014348387805172935	1.174181024298492e-06
0.0014602598703529616	1.288166878942145e-06
0.0014528380297091365	1.1639906495301082e-06
0.001348525543171115	1.1325844272986303e-06
0.0013380919391139917	1.014728773472721e-06
0.0013672152418256764	9.558780818860308e-07
0.0013221529939425646	1.0694133061692375e-06
0.0013063007495241728	1.3053408590479422e-06
0.0012939261947289258	1.463557328637307e-06
0.0012761103902146757	1.6092837023555615e-06
0.0012408583121332071	1.0625556999472998e-06
0.0012428089624529235	1.2507751979034274e-06
0.0011909539305566745	1.0732027865837202e-06
0.0011713690534659192	1.4094389638255437e-06
0.0011812260655879902	9.547514717242208e-07
0.0011412035592724276	9.862003795529967e-07
0.0011477685513868682	8.68852886660949e-07
0.0011069727511672685	8.431619690566078e-07
0.0010693075940620695	8.731945049179359e-07
0.0010323765479484611	9.440661948453061e-07
0.0010522917282628555	1.0034004381049763e-06
0.0010551251538092634	8.467070890208945e-07
0.0009964699420898393	8.996264758017372e-07
0.0010095346274173929	8.631778534517847e-07
0.0009772520484947643	7.825756254112347e-07
0.0009880343467792943	8.085363895809342e-07
0.0009296261552733663	7.437697997378744e-07
0.0009204521307194134	7.345625692335988e-07
0.0009507057068672922	9.006620723194017e-07
0.0009375315522693522	1.1631434189261938e-06
0.0009270129131548711	1.0246557409402492e-06
0.0009040737699221316	1.0459501138871154e-06
0.0009862148856268815	1.1375021835463973e-06
0.0008914741349596448	9.463624560771603e-07
0.0008459184737541735	7.77779676735863e-07
0.0009204383093534352	7.527436533597236e-07
0.0008808361651163716	6.49994151604819e-07
0.0007901862583408916	6.318745223284794e-07
0.0008696824728684131	6.380706891779905e-07
0.0008085979019106692	6.728117865642096e-07
0.0008183475313333867	6.339473723973145e-07
0.0008078593039890573	6.262220853740631e-07
0.0007788435119073636	5.393217321033424e-07
0.000781672534163134	6.987713294767721e-07
0.0007396603071118015	5.867070824402133e-07
0.000762442288880912	5.529361317720699e-07
0.000767937932843805	5.688127623146778e-07
0.0007342443989579459	5.153991641208403e-07
0.0007468274318546086	5.841393160951074e-07
0.0007267508164213596	5.340888898893965e-07
0.0006871645051892019	4.96032349144197e-07
0.0007185961091309915	4.859311399120594e-07
0.0006906781678933111	4.47613598209925e-07
0.0006715986908964454	4.353041546363685e-07
0.0006542599388627889	4.4852315487634617e-07
0.0006030637363142316	3.8613502440156783e-07
0.0006281643104530058	3.9284117692421437e-07
0.0006512404720829286	4.4887793745131156e-07
0.0006485735847025283	4.1063809625242996e-07
0.0006247517445296437	3.8173196496507455e-07
0.0006096026308487087	3.908856686626122e-07
0.0006175625361475148	4.0958436314419533e-07
0.0005725769934563957	3.205359974923422e-07
0.0006369755199513241	4.217740839402507e-07
0.0006049286452319225	3.8408969246099047e-07
0.0005572301141184542	3.186196167429616e-07
0.0005768042018621269	3.7881821943749585e-07
0.00048051633275816136	3.080171581253469e-07
0.0005496314420355081	3.513020468635534e-07
0.0005834145821553632	4.2517522938475583e-07
0.0006037329636672924	4.170334402182147e-07
0.0005680840776335345	3.597427832139154e-07
0.0005383353163674579	3.8808165276561707e-07
0.0005117536558232854	3.1615015802895585e-07
0.0005210102815888036	3.219995942615065e-07
0.0005071232387332064	2.8653882403267773e-07
0.0005103819792342698	3.107081327078646e-07
0.0004756365102637664	3.01298270177717e-07
0.0005025870057539576	3.1057343295214245e-07
0.0004798738390505241	2.901528588596983e-07
0.0005422274731534148	3.9289823589713117e-07
0.00046877197261190095	2.956708101442283e-07
0.00045433848477753977	2.94753989125725e-07
0.0004918267573493906	3.0444278124163486e-07
0.0004423765947626342	2.5509332544005747e-07
0.0004801690663702033	2.780944891678847e-07
0.0004471886980328466	2.8313143755727075e-07
0.0004506267966877541	2.421585084319882e-07
0.0004164158837191022	2.2688452586284886e-07
0.00048256446122947946	3.010109451162937e-07
0.0004325971591751109	2.6320188928352924e-07
0.0004519333419885807	2.9994491041483126e-07
0.0004545132340241181	2.504787594165737e-07
0.000473944263069484	2.815828523966072e-07
0.0004423632854164122	2.499088478999289e-07
0.000405484908811534	2.3811894221860239e-07
0.00040516173731147383	2.345456186273415e-07
0.0004455202843342196	3.10119159881463e-07
0.0004167121665975037	3.565327083752407e-07
0.0003904296678103354	2.539261750605072e-07
0.00039385321519456524	2.143167777323461e-07
0.0004422009867094775	2.6034286852359155e-07
0.00037251454913420014	2.4951456661200064e-07
0.0003659930433492298	2.221381492281503e-07
0.0003880551899462376	2.5860750619187225e-07
0.00038181525567056174	2.134599557979307e-07
0.000371928106276509	2.0093859257302284e-07
0.0003488819662774404	1.8273768338946677e-07
0.00039404333030755497	4.850996746380765e-07
0.00034821470034700956	1.8626543141393326e-07
0.00036281773416998997	2.254408289371665e-07
0.0003937311238285485	2.380092255634209e-07
0.0003900026866437156	2.3581038473651972e-07
0.0003740739065851482	2.3347570435925452e-07
0.0003554772130472822	1.9195327556747686e-07
0.00036691463105385883	2.1612093369838732e-07
0.0003438988840617038	2.0816008361668696e-07
0.00036260595192117074	2.7993886903432477e-07
0.0003548202129582309	5.162246391888934e-07
0.0003551593996831601	3.561885111146407e-07
0.0003500847405363738	1.7995902413508832e-07
0.0003803526198312497	2.9277789549548557e-07
0.0003564867498791294	3.4949016584667884e-07
0.0003078124901299166	1.614354498375146e-07
0.0003052994580159258	1.6356694304702984e-07
0.00031760600353323356	1.8015347918349317e-07
0.00030845088207580475	1.594478854602724e-07
0.00031842817861353005	1.9175935085378927e-07
0.00031176593118198984	2.0673979902645768e-07
0.00027893319544284337	1.6684484634218499e-07
0.00028427328882548255	1.484322759924701e-07
0.00029867710304213387	1.8801448940966532e-07
0.00028302640836664516	1.6639717293599096e-07
0.0002899522021010051	1.6180945821590604e-07
0.0002777000229478983	1.7361964741619324e-07
0.00026993661621712065	1.4887724811776592e-07
0.0002871594316841944	1.5923218242323307e-07
0.00024687046892103427	1.4672309028961874e-07
0.00024620120668713245	1.5723397132016788e-07
0.0003201251722552928	1.9754158893313276e-07
0.0002812852161377656	1.6678334461143224e-07
0.0002697570370916417	1.4152014140820584e-07
0.00029969639293117546	2.0362447750805595e-07
0.0002353850259979822	1.2892320593453465e-07
0.00027401678121220894	1.385695852389001e-07
0.0002714375252347158	1.54236454821912e-07
0.00024083956243503343	1.4723343151414496e-07
0.0002638969019966934	1.6724271105407275e-07
0.00024854140785436196	1.273686917306847e-07
0.0002708156284957715	2.160415119337423e-07
0.00022097634869377522	1.2920577252784874e-07
0.00021263220792046327	1.1799473864451552e-07
0.00023192830432981849	1.0998635370466194e-07
0.0002625850995205514	3.2006075020222895e-07
0.00025153462763750396	8.679921731611559e-07
0.00024746779346290337	1.7353957244759528e-07
0.00022300362839427338	1.3055593214974067e-07
0.00022915078312995272	1.3739739124457948e-07
0.00024698053954458305	1.2705449881341792e-07
0.00022210667387371583	1.2670934656730745e-07
0.0002450941380503945	1.2262317497161267e-07
0.0002082694674953679	9.892528079115243e-08
0.00021893001945762732	1.1867406734291008e-07
0.00022357172722751726	1.1893496492908837e-07
0.00022662377799276346	1.1608193512037561e-07
0.00022423523767219853	1.2822931662218878e-07
0.00022089047848807878	1.8229199611662983e-07
0.00021242370752258639	1.1865637889869954e-07
0.00022473025192701636	1.1128947419192927e-07
0.00020508902016204604	1.0760568575536634e-07
0.00020367240301649063	1.1536532838233426e-07
0.00022396330735662887	1.4200337755111296e-07
0.00021098933222676996	1.0643237000052233e-07
0.00020221307202231576	1.1902824153265206e-07
0.00021788404358528057	1.0953312880678964e-07
0.00025182991243001616	1.402479524454842e-07
0.00020769359716329617	1.3262968480016758e-07
0.0002035802150560511	9.905537190804481e-08
0.00019648663204450883	1.012597004822821e-07
0.00019319907348041028	1.3542400047508782e-07
0.00018470124260510094	1.0300340119406718e-07
0.00022061342360622267	1.588957545128767e-07
0.00021196917509037013	1.2072221194697374e-07
0.0002170116870558992	1.6740624792579373e-07
0.000192209301684453	1.5755604404986537e-07
0.00022170567401615327	1.8516660033216374e-07
0.00019531530775587785	1.2303164776623824e-07
0.000191546667951043	1.01138278184363e-07
0.0002000194111788564	1.5696472666643289e-07
0.0001773066752825345	1.2809266597108853e-07
0.0001741036154235343	8.555614916722778e-08
0.00020688572846804955	1.1060217545252572e-07
0.00020474552113048495	1.258122377583842e-07
0.0001849246327409261	1.0221184121830038e-07
0.000170288054865343	1.0603584228721505e-07
0.00016546857348979322	9.965622019258068e-08
0.00016919899255943692	9.246876094210195e-08
0.00018461272888357466	7.98498343619579e-08
0.00017342971299223397	9.683741515110028e-08
0.00014974021064602088	7.613604195474349e-08
0.00016076369056449992	7.523054810088086e-08
0.0001636154622006027	9.189423164259835e-08
0.0001673931797850682	7.749100944673989e-08
0.00016860362360367957	1.4021697921688252e-07
0.000204318187944259	8.401746734408314e-07
0.00016049682052997352	1.0112308561461034e-07
0.00016008436216984043	8.381645551178957e-08
0.00018316649493003786	1.2864674589778396e-07
0.00016946224119470602	9.370948735675294e-08
0.00018943313382349132	1.1343271249400003e-07
0.00018314777820723093	1.4852617350526871e-07
0.00017275705267281782	1.2584209659233207e-07
0.00017240859896358124	1.902363370466811e-07
0.0001775376130378661	1.934017831893202e-07
0.00022146250261189114	8.694149132329277e-07
0.00015332827274516255	1.6343268020117057e-07
0.00015591956977520225	1.9592741361184278e-07
0.00016733139697199415	9.255916682151114e-08
0.00015170631971107021	8.601845611338851e-08
0.0001443527794353712	7.687628250668301e-08
0.00016887467823659496	1.514247563264273e-07
0.0001507388782364548	9.889306478695206e-08
0.00015349971884973248	1.4933392262491075e-07
0.0001485009063761037	1.264700077955372e-07
0.00016048077035764644	1.8914129861857054e-07
0.0001764063214238325	3.1043039445813165e-07
0.00015568034041494913	1.349231265305598e-07
0.0001421387317617584	7.34969555591862e-08
0.00014571569893750424	1.4182773614440727e-07
0.0001450682799751063	2.6315799671690816e-07
0.00017688192363280245	4.045019067981027e-07
0.0001695748944427012	6.548489442256131e-07
0.00032687979363320177	1.817354311035609e-05
0.0003593214486427548	2.4367405203465564e-05
0.00011819321072346739	7.029980847128199e-08
0.00014340253566191548	9.165549151231682e-08
0.00015750228254056493	1.1763743574184833e-07
0.00017545974058459475	2.102124657659455e-07
0.0001858602364198708	9.848022774593855e-07
0.0001393979336644163	1.0323716880460414e-07
0.00016438386774588894	1.980255392324931e-07
0.00012138366546289838	8.168354712139767e-08
0.00014449790279107144	6.85897225845732e-08
0.00013333822895593672	6.943266205057552e-08
0.0001214229386599946	1.077068643473962e-07
0.0001390619996900453	1.8470801200643793e-07
0.00015236518860553165	3.0561591129414283e-07
0.00014546550966643645	1.9436276480130992e-07
0.0001389422272520005	1.2832912753147736e-07
0.00014976736688017642	1.140599411217834e-07
0.00012958848074113828	9.379692504316096e-08
0.00012660251933686493	6.97906192807907e-08
0.00013418961144714397	7.125488977327142e-08
0.00011885608255890453	8.540528478425056e-08
0.00012068778703709652	6.0047076221509e-08
0.00011496052578675826	5.985238755499568e-08
0.00012473843605810924	7.905068703694568e-08
0.0001340155398783748	8.141105560591799e-08
0.00012779580054111652	8.96216214317779e-08
0.00011920622541280124	7.172590382435708e-08
0.00013387665416370127	1.1321408175065078e-07
0.00011873120401499308	6.498715179749271e-08
0.00010705483530541214	5.673055472239773e-08
0.00014316939470781744	1.0693137540516229e-07
0.00012025303903485376	7.618968939437143e-08
0.00012824488047637333	1.9415695944468152e-07
0.00013792588681908654	1.1834139293824068e-07
0.00013419501283675907	1.3502664311883167e-07
0.00014549540068494206	1.2671085846652292e-07
0.00013545943571335997	1.0639638052016061e-07
0.00012564810438463702	1.1668692645481954e-07
0.00012589311218751025	1.271567126353093e-07
0.00013411409114135305	1.3392158825073505e-07
0.00012390638538092418	1.3256234193076362e-07
0.00014552380675924228	2.0277870466403987e-07
0.00014992539486432637	2.0023890336683418e-07
0.00017410271573124915	7.456504694608557e-07
0.00013465552278388426	2.418460990888251e-07
0.00014903466245580157	3.061426910298161e-07
0.00015822807685581127	3.2127746613895734e-07
0.00014442446291171654	3.967585563764795e-07
0.00016511133016454033	4.224542284049147e-07
0.0001514953780412804	4.3709986927083706e-07
0.00013130292069466067	3.614639616045515e-07
0.00012083765486305305	3.2347497720211045e-07
0.00013285356584894544	3.559091870456828e-07
0.0001206675762686459	3.9173884656579644e-07
0.0001268288269031529	4.2253425137017656e-07
0.00012402614025299662	4.6394538213373713e-07
0.00011925482730396491	2.751402194961981e-07
0.00011315022321483226	1.6600849824510541e-07
0.0001229734382822205	8.760055501512522e-08
0.00010142145794197914	7.988196409840522e-08
0.00013335416045647254	1.0269683258431849e-07
0.00012054566749785626	1.0388443485993759e-07
0.00012037029610676082	1.0946199004763283e-07
0.00011744410004761961	1.304400894535002e-07
0.00012294038665102127	1.8927105865242136e-07
0.0001291404758867344	1.6361693336830144e-07
0.00012885365605061724	1.7346368237078937e-07
0.00010977698401181577	1.0162523595340582e-07
0.00010895606241498337	8.338479550578082e-08
9.305045021651012e-05	5.234819322863835e-08
0.00010525263459868668	5.985849854426336e-08
0.00010583326783186347	6.995604310684461e-08
9.630969576921396e-05	4.531681818626485e-08
9.545056290895128e-05	3.780169843016015e-08
0.00010019804906346338	4.6436452409279304e-08
0.00010051349817488705	1.0545402192248701e-07
9.960910857790954e-05	6.614843619479617e-08
9.82851975626418e-05	7.035137172348107e-08
0.00010466873593609017	6.115342064216664e-08
9.769246632043932e-05	5.503773698199938e-08
0.00011129100452053663	6.816087083101832e-08
9.895784165112185e-05	4.381420296547004e-08
9.742064309892474e-05	4.3527291464413944e-08
9.286140258522921e-05	4.919858489326025e-08
9.392392881026701e-05	3.954187193539457e-08
8.650000228251703e-05	3.4339360093422694e-08
0.00010023966777949696	4.6686865322913086e-08
8.77063434243271e-05	3.874137888598811e-08
0.00010290287526307384	5.0501468085908656e-08
0.00011404439919572943	5.988171380811116e-08
9.141311724277299e-05	4.066948384744147e-08
9.205329635359183e-05	4.530564672919623e-08
9.910417540104962e-05	4.975309356284413e-08
0.00010131570780828315	5.356766919936207e-08
9.075397641952129e-05	4.4856724752816044e-08
9.20669959040793e-05	4.932462649051985e-08
8.951540798783866e-05	4.9936657689661874e-08
0.00010530201199540177	6.329838004697171e-08
0.00011352918584785101	7.74207935639346e-08
0.00010464522526374663	6.550749929539819e-08
0.00010548538505229185	8.302271206143304e-08
8.483140607912638e-05	5.4786906856337905e-08
9.362646258731982e-05	6.677392462642789e-08
0.00011689285538966161	8.044696398034261e-08
9.537719879222654e-05	6.945715550940824e-08
9.602024845305708e-05	7.208897051753606e-08
8.020293172773849e-05	6.673555750761187e-08
0.00010572111157770931	8.312341372674741e-08
0.00010351013644891716	6.427548798905444e-08
9.80275170013818e-05	5.86483738984361e-08
0.00010234623853337762	5.9090480187214745e-08
9.293690001697564e-05	5.051042512590505e-08
9.417894678582013e-05	5.4003239545646896e-08
8.827931140258801e-05	5.0168408411152275e-08
0.00010769617347760668	6.142000844792679e-08
0.00010079031828748228	5.015289715698336e-08
9.64003407605093e-05	4.974967811965361e-08
9.443095324119136e-05	4.7909111759220547e-08
0.00017217491391954	1.4438540214000173e-06
8.134376522604244e-05	4.5699018985724623e-08
0.00011167765678910483	5.943987459512457e-08
9.382182280329474e-05	7.771480544082462e-08
0.00011837736284470537	9.710451455859045e-08
8.775313987925537e-05	9.030741127323439e-08
0.00014695122258148009	7.300449124604017e-07
0.00012532528140534856	6.625162939910991e-07
9.649985190836495e-05	4.61022051018228e-08
8.421560167125598e-05	3.233917542096403e-08
6.621137833898053e-05	2.8388964425036417e-08
8.519756383051384e-05	4.002872750164214e-08
9.185657485097425e-05	6.963509203212541e-08
7.446987131299567e-05	3.555140820490081e-08
8.151819555663748e-05	4.121212407749687e-08
8.400714137013305e-05	4.358098326200259e-08
8.561729297846674e-05	4.0919035200127566e-08
8.309199872981015e-05	4.240036580230088e-08
7.51592790560003e-05	2.986877994028794e-08
0.0001012809760228689	5.4395451056594334e-08
9.635567472832112e-05	5.209327507383624e-08
8.1886101280307e-05	3.6165401928678796e-08
8.530429114118264e-05	4.927107738201797e-08
8.3259860440475e-05	3.5050191291109426e-08
8.689754718695596e-05	3.960244249967463e-08
7.98875189672626e-05	4.1576420764881686e-08
9.153077937670308e-05	5.077455177621578e-08
8.76844686926748e-05	4.3950364536393034e-08
8.547819359841055e-05	4.692898336076699e-08
8.769669134654003e-05	4.369004425570637e-08
8.634299244062895e-05	4.540472153319869e-08
7.613678552519374e-05	3.908500842267143e-08
9.614639015641969e-05	5.8536028888088136e-08
8.208328708530427e-05	3.949187624487073e-08
9.86881301733634e-05	6.45805951262419e-08
7.801173887916591e-05	4.942343337313524e-08
7.550604362797349e-05	3.5948849924218965e-08
7.050514618047047e-05	3.5345312216327037e-08
8.505369791950946e-05	4.615232056822421e-08
7.559906911273065e-05	4.0307313586539104e-08
7.779933766387983e-05	3.5409360339608786e-08
8.426023453533897e-05	5.698397275492893e-08
8.160530611796281e-05	3.2777883695043886e-08
8.84610880213083e-05	4.0143356671839665e-08
7.694877903133141e-05	3.623443273987108e-08
8.417939571136199e-05	4.026989644538252e-08
8.752264856285386e-05	4.91522046194126e-08
9.029836620751961e-05	5.0729720404152045e-08
6.813633188072556e-05	3.1978265475731454e-08
7.38210722845927e-05	3.7268525591145484e-08
6.934262369650433e-05	4.0612267878593715e-08
6.772283544366083e-05	4.815941185508813e-08
6.897408680989493e-05	2.8416377398061018e-08
9.556337438944193e-05	7.778609126488535e-08
7.65765129798485e-05	4.155724988943405e-08
5.771698688427333e-05	2.481965366145263e-08
6.995207202522359e-05	3.508384998293909e-08
8.292719088141427e-05	1.0594583125568362e-07
7.53705925249762e-05	4.314646315050295e-08
5.415442070219116e-05	2.4609585432089532e-08
5.568736445849989e-05	2.4666779230878524e-08
8.266909704462377e-05	5.210345950133443e-08
6.98670654000454e-05	3.1563182008914586e-08
6.934238568707679e-05	6.253014632132663e-08
7.949512870941479e-05	5.2847098050692687e-08
6.369643239081768e-05	4.6007836723089863e-08
6.64809768016243e-05	3.035289194519303e-08
7.994479524291795e-05	4.378720490051921e-08
5.581803340366423e-05	2.3895836041085887e-08
5.0505120557977547e-05	3.6888152807026795e-08
7.309459512549306e-05	3.9686513742619385e-08
6.798360301298372e-05	3.761035123747905e-08
7.468974127785963e-05	4.588778545494625e-08
6.432334065957887e-05	2.6613771673699347e-08
6.423570856425315e-05	3.592493636208026e-08
7.971286069850917e-05	3.8865320002200427e-08
8.53402832054211e-05	7.518604016733986e-08
6.90455678545602e-05	4.048253236685912e-08
8.155742920909199e-05	4.22729464398126e-08
7.930039250954668e-05	4.343339196903326e-08
6.762740302585334e-05	3.413123699924003e-08
8.839070818500834e-05	5.493582254287445e-08
7.772833361271337e-05	4.7775240432347e-08
6.606865363740706e-05	4.3191470782499655e-08
6.431483636131196e-05	5.1688655920930034e-08
7.27505744346612e-05	4.714156147064559e-08
7.938114271447097e-05	6.222930033861456e-08
7.430812165995494e-05	6.155382986787778e-08
6.763936886072896e-05	6.126532243799549e-08
8.971427426581225e-05	7.655725232882796e-08
7.551527699514967e-05	7.307993780993157e-08
8.230053277654906e-05	8.913380017231132e-08
7.664292732225311e-05	5.348439419000732e-08
6.618563236315288e-05	4.010074033318385e-08
6.0956693909483195e-05	3.814794157302262e-08
6.922528623102921e-05	3.618500311624248e-08
6.184010731045394e-05	3.1795190169076666e-08
7.531034322212029e-05	4.5464360013502153e-08
6.223013416534738e-05	3.047325339395436e-08
5.266150488189934e-05	2.3363854991313654e-08
5.920966891171881e-05	2.6716189096784165e-08
8.741350495437954e-05	5.2038589462112825e-08
6.938121434852117e-05	3.509801853047873e-08
7.569433477209123e-05	4.776765655697185e-08
7.466471266360931e-05	4.839372779195823e-08
6.510281250905952e-05	3.59735756371115e-08
8.414465008691201e-05	4.9557301710528994e-08
8.047642506082338e-05	6.470049805560764e-08
6.648798170235063e-05	5.3872591277184604e-08
6.472078063252904e-05	3.6751919673072836e-08
5.999353262752573e-05	2.7349951121019052e-08
6.48947069958565e-05	4.142200351386081e-08
7.381459423555504e-05	4.7008306736424643e-08
6.999543755958902e-05	4.048157033996543e-08
6.535396012521173e-05	4.360769139824552e-08
6.890987902088206e-05	4.517500650368292e-08
6.87381694598906e-05	3.107848331525176e-08
6.35103994320461e-05	3.417679572032779e-08
7.269971714071323e-05	6.84150732083989e-08
7.246556398428079e-05	7.391337098069464e-08
4.90520275263717e-05	2.459122592060643e-08
0.00013853829451552816	3.4249779211452353e-06
0.00012392454200690225	7.46651982846858e-07
8.718092010099328e-05	1.5235188936978918e-07
7.714982482928708e-05	1.2599789596089033e-07
8.188858641026152e-05	8.00058787335319e-08
6.482402557493203e-05	3.640847771319327e-08
7.74720053915999e-05	7.724538138147378e-08
6.051345596781826e-05	3.1445695787246306e-08
7.082213360219569e-05	4.850435199411775e-08
6.401946683013417e-05	4.175019238840768e-08
7.2546079608576e-05	4.083585555718048e-08
6.0919540570920665e-05	2.8614627267100357e-08
6.525816120919094e-05	3.998455574054262e-08
0.00011298514631322693	1.3330142229500083e-06
0.00010562941964469737	4.994897932180374e-07
6.365571867650021e-05	5.0486938811869785e-08
6.159947918141142e-05	4.3655705603561e-08
7.297656047522976e-05	4.383384813682637e-08
7.770500389370989e-05	5.2222213151299064e-08
7.625086332987146e-05	5.1894788135941794e-08
5.925395171373106e-05	5.089680384259963e-08
5.558002932905078e-05	4.3695184195354115e-08
7.624101261110995e-05	9.501209245305002e-08
6.305626591136083e-05	3.645540614332083e-08
6.868572599463965e-05	8.238288803187097e-08
8.512535765422565e-05	1.6355354004715108e-07
7.473843465379345e-05	8.277221680511057e-08
9.126077695006822e-05	2.2617060950087764e-07
6.651396731814115e-05	5.094991392371976e-08
7.264532455561927e-05	8.900629379297394e-08
8.334012214833361e-05	1.4237341953329492e-07
6.562704866305999e-05	8.693018373138226e-08
0.00014973998010985766	2.8114488559573494e-06
0.0002076347273611136	9.870593642783101e-06
8.591992595891942e-05	3.921541724176416e-07
8.336840516714886e-05	2.290292905050681e-07
5.939760548966835e-05	7.738363893936834e-08
8.218537670659628e-05	1.140094249903857e-07
5.995975269735391e-05	2.8677691789105232e-08
7.096712314479147e-05	7.717467350277241e-08
6.208963348646955e-05	6.419101312988654e-08
6.507919128841315e-05	6.192604964646267e-08
7.502816329245877e-05	1.4483007992911277e-07
7.025022267590328e-05	5.8444554150473333e-08
6.695680223866578e-05	8.3014897378747e-08
7.129659047045174e-05	1.0221212237583287e-07
7.080044817819394e-05	6.738670779735968e-08
6.246987598774945e-05	3.3345406737842045e-08
5.573512836975645e-05	3.1105785023285394e-08
5.439290300792554e-05	3.3021758558445525e-08
7.16549691508544e-05	5.596765812482341e-08
6.348147436358979e-05	3.5330065031884124e-08
6.90855540442956e-05	4.24283407888635e-08
5.5266460474497084e-05	8.694021133164395e-08
9.5251150941431e-05	4.787378709520217e-07
6.862011664839264e-05	1.5222244181211132e-07
7.428583750769988e-05	4.224679085483823e-08
6.975687888733602e-05	4.769445773780245e-08
6.564703420333758e-05	9.606723555242552e-08
7.893719688923416e-05	1.9180035940492954e-07
7.047687643328212e-05	3.058310386700263e-07
5.462938914067624e-05	3.180638877770126e-08
5.540865851571577e-05	2.804519141114337e-08
3.7806964651665246e-05	1.365163431707582e-08
7.01144794274264e-05	7.783313479742746e-08
8.261361403200344e-05	3.491109304359171e-07
9.222438587703958e-05	8.199658561432278e-07
6.106508606694266e-05	3.075413820443384e-08
6.684957981076533e-05	5.5079001551178537e-08
7.507955877059597e-05	1.358193722279351e-07
5.402585415469609e-05	3.263783219550252e-08
5.239986079996361e-05	4.957819562830574e-08
5.7249370851834295e-05	2.9809485826222074e-08
7.055210855104177e-05	9.074389859534061e-08
7.408333778226898e-05	7.043755034202498e-08
6.685426593490026e-05	1.0354057428676543e-07
6.927748250544557e-05	5.8843697123734156e-08
5.1505422170886305e-05	3.00154856288317e-08
5.134886125074756e-05	2.837976658060477e-08
5.013577941175015e-05	2.3344490820284386e-08
7.214308042689331e-05	9.206957644406582e-08
4.382829965032872e-05	3.6783438222474884e-08
4.690516869388328e-05	4.9888670401966326e-08
6.028115945164906e-05	3.8716226838602203e-08
3.9882897328146794e-05	1.627488206824107e-08
7.578934569488896e-05	4.490688707693657e-08
6.798929115049103e-05	4.143715472600854e-08
6.58002627210173e-05	4.849297621026087e-08
6.420879758158203e-05	3.49979328648004e-08
5.738203830292254e-05	2.6204255968662282e-08
5.650982778980152e-05	2.694459989519895e-08
4.84199419003038e-05	2.0546335289127277e-08
8.743796859386723e-05	4.134354936994872e-07
5.499906758123681e-05	2.394671011048827e-08
5.3107497764296346e-05	2.2507408904389415e-08
5.32640707149879e-05	2.2928375250059478e-08
6.081861219797218e-05	4.987649071235511e-08
5.107941307445967e-05	2.8469225384564705e-08
4.251810103037831e-05	1.878816762124264e-08
5.8610170471153554e-05	2.5308975804301416e-08
5.547634790182203e-05	2.4635635150674326e-08
5.7796214261609486e-05	2.501508081398537e-08
4.601303277842323e-05	2.706625435165871e-08
4.989261171376227e-05	2.4021179500774645e-08
5.1296060712406685e-05	3.156223328081515e-08
6.137400553184919e-05	2.913829176245308e-08
6.133808133985816e-05	4.700510388626165e-08
7.028649041833746e-05	1.0376511154540173e-07
6.735545291511391e-05	6.384244776514826e-08
4.886724164359398e-05	3.20048665165181e-08
5.6291715755766255e-05	6.062018923228e-08
5.106377437025722e-05	2.350934584847171e-08
5.195844040416262e-05	2.4565663848444258e-08
4.982398263229133e-05	2.9742957156114214e-08
6.314238348224359e-05	2.924367958954733e-08
4.913712928450243e-05	1.8021432110410594e-08
4.0426390462534405e-05	2.2103851715038446e-08
5.612350600238188e-05	3.503029549858393e-08
5.779899568607609e-05	4.4317252218301454e-08
4.95920882678727e-05	2.2038853154891544e-08
5.720356168323914e-05	2.3085790189464665e-08
5.435357879585348e-05	3.7827050914360706e-08
6.482853572019008e-05	2.9948021805610496e-08
5.235433782908108e-05	2.6721732880105577e-08
4.964998158478119e-05	2.983854901151112e-08
5.2767529270647544e-05	3.8458436415013864e-08
4.828987183939936e-05	2.6157688649443088e-08
4.893491993397646e-05	3.059367864976274e-08
6.120270699072481e-05	5.192944873332466e-08
4.120912923322121e-05	1.6722190800215117e-08
4.2864442644402945e-05	1.9762669773340015e-08
3.988700179124419e-05	1.7237276574008086e-08
4.3822709709221996e-05	1.789410433787875e-08
4.968255959238222e-05	2.726117934091041e-08
4.65836201382343e-05	2.131360158946293e-08
4.687052572602237e-05	2.127384992707192e-08
4.969219098544176e-05	2.1725020547169838e-08
4.92902794857495e-05	2.5349499629141396e-08
4.810322729673308e-05	2.5650163663860673e-08
4.103994076858891e-05	1.556110721947279e-08
5.6687383091045e-05	3.0689882763847146e-08
4.82686627859567e-05	2.3971247585716407e-08
4.452156876278262e-05	1.855708277681379e-08
4.105664913496493e-05	1.706758682073741e-08
5.578142716366006e-05	2.705696774123875e-08
6.123418124281839e-05	2.921716770035785e-08
4.525195108325252e-05	2.19484006614158e-08
3.891991493764059e-05	1.4549725790650678e-08
5.680957307071937e-05	3.0862512997953896e-08
5.5607986865276914e-05	3.324265319256233e-08
5.506479234333421e-05	2.759417782526371e-08
5.633427707898203e-05	2.9281170844303023e-08
4.8579221933931583e-05	2.1569852599561677e-08
5.840871022795244e-05	4.247236784667156e-08
4.408337013926204e-05	1.800906293251143e-08
4.790264443841567e-05	1.973503515804247e-08
8.466641093284109e-05	1.9704839999463826e-07
5.9366888930014213e-05	3.471648370146035e-08
4.9523831476040716e-05	2.258932125661876e-08
4.6969586483213255e-05	1.997578208527448e-08
4.4237143296746204e-05	1.5528332235845817e-08
4.5083902979270636e-05	1.9144469385090708e-08
4.8361226225888235e-05	1.973960546100441e-08
6.155301007276e-05	2.5415952301578278e-08
6.909891004023591e-05	5.400034998133742e-08
4.84256933265252e-05	2.1939677846391392e-08
5.8044792009370565e-05	3.153211297340869e-08
5.1651676021338305e-05	2.735174889273662e-08
6.158140421606658e-05	3.722848033426848e-08
5.115213727388945e-05	2.312392774739878e-08
5.4474021363996185e-05	2.7762881500028126e-08
4.744136282201683e-05	2.3565236005738604e-08
4.934770213053223e-05	2.1317151998877715e-08
6.850704238154027e-05	6.185245723786036e-08
4.914386730436804e-05	2.608389617657715e-08
3.844896984238188e-05	1.7551295032908892e-08
4.643777214857392e-05	1.7790474645633495e-08
4.57914639949171e-05	1.9200413902284687e-08
4.091446086561269e-05	1.7052623751908483e-08
4.6885698510169433e-05	1.9425929283197123e-08
4.8454590887781806e-05	2.023335031855752e-08
4.325297348842801e-05	2.1000017866127e-08
4.4596759604679075e-05	2.330478566579365e-08
5.2405332946904405e-05	3.797379492287095e-08
5.003842286635458e-05	2.1077198400532285e-08
4.647194484203181e-05	1.9234853276639577e-08
4.980088198173282e-05	3.0439404206544916e-08
5.12107890352073e-05	2.19758439109089e-08
4.707401536334305e-05	1.984339225507408e-08
5.14600548951832e-05	2.1255893912410945e-08
4.537450073988233e-05	2.0900025717700625e-08
5.0004293766327044e-05	2.4270622833559834e-08
4.372505482730476e-05	1.9512948556673584e-08
6.529059418941953e-05	4.0830820227188476e-08
5.515812654413664e-05	2.7237581087927103e-08
4.500999958043094e-05	1.8730543387624618e-08
4.733445084532607e-05	2.622258619626588e-08
5.534836879639767e-05	2.8334053878280388e-08
4.658749166453052e-05	2.2594076876788875e-08
5.251589247394462e-05	2.0674652121605377e-08
5.62731228496122e-05	2.7269678377820017e-08
6.714617193269898e-05	3.934783520437425e-08
6.210510098642256e-05	3.8622754614013484e-08
5.028231493037169e-05	1.964811685994029e-08
4.127276814390184e-05	1.62987693374917e-08
3.7586115410254896e-05	1.4607650712342859e-08
4.460132424553624e-05	2.1806894117187628e-08
4.4795420899745125e-05	2.0852839232188433e-08
4.417906415820606e-05	1.9554134389143163e-08
4.972078203650078e-05	2.3269180110888027e-08
5.8116391662209755e-05	2.6349748055938096e-08
4.3443013497917245e-05	2.3019879910543e-08
5.871203903868589e-05	2.6460798187502723e-08
3.745059599839254e-05	1.4118395446170325e-08
4.016724499950204e-05	1.5708532707005045e-08
4.900862050354411e-05	2.3415971073492532e-08
4.250104127414782e-05	1.4294433896168648e-08
4.5118217417576344e-05	2.1705802001619748e-08
5.568266589246723e-05	2.7139930380735918e-08
4.7978242903757025e-05	1.9540193060035912e-08
4.1881973262826e-05	1.7878595683643052e-08
4.192741787591506e-05	2.8845677470094735e-08
4.284729937667117e-05	1.9013498968113382e-08
4.843124486264852e-05	1.8042591710764818e-08
4.7440316978936486e-05	2.1577237333319523e-08
4.0709142634893296e-05	1.5466903356202035e-08
4.022743697902418e-05	1.6903171874964167e-08
5.224354493442918e-05	2.463424043734858e-08
4.51894233148261e-05	1.789433434125666e-08
5.1548357622936976e-05	2.2044798139999784e-08
3.862820535203858e-05	2.393048209850383e-08
5.3932877688223835e-05	2.87138716368778e-08
4.7941118604485405e-05	2.7672287086722797e-08
5.1462433082548606e-05	3.1602364771002884e-08
6.0241052161866895e-05	3.0009541918745593e-08
4.229669234370219e-05	1.9522406761088926e-08
5.422306146447652e-05	2.578727439751553e-08
4.910244539307192e-05	2.2574193732596337e-08
4.83143102951102e-05	2.145707007847611e-08
4.661841680439252e-05	2.3594824717422726e-08
4.848060931747501e-05	2.5741044117616268e-08
4.5867046117601315e-05	2.4552368196313063e-08
4.748879468621275e-05	2.7535595069434873e-08
3.858457708875638e-05	2.2065185442556916e-08
4.2628789009265996e-05	1.7735786538550826e-08
5.149010849592938e-05	2.194784938212012e-08
6.134950536332704e-05	3.10244318718674e-08
4.416118675171053e-05	1.6767562676628164e-08
5.059460836011263e-05	2.2503060927389615e-08
5.001658007501769e-05	3.1861196592867046e-08
5.307910373116077e-05	2.5552695238319264e-08
5.613644629249374e-05	2.6362032944399128e-08
4.227719158876779e-05	2.596281668052197e-08
5.0080025592438096e-05	4.024158077908023e-08
4.379649091728483e-05	2.674647098430005e-08
5.013638798880276e-05	3.1408658703854234e-08
3.7128269323535046e-05	1.503021376124538e-08
5.520308255731277e-05	3.173671901070539e-08
3.5806300395408515e-05	2.7904922132925204e-08
4.574656353281985e-05	3.652330678931185e-08
5.650608049892586e-05	3.8238100796552054e-08
4.303562629479436e-05	2.6415347531873332e-08
5.718426113472226e-05	3.848611819326051e-08
4.375207338325906e-05	2.2893918837850475e-08
6.539284659530439e-05	6.402390209584094e-08
5.692868936592078e-05	3.109591833126252e-08
5.075238005409944e-05	2.4647306330952042e-08
5.0185348961399505e-05	2.8175598520268932e-08
7.864424660344378e-05	1.908453286654173e-07
6.119882983489032e-05	7.598263812991647e-08
8.15737127090691e-05	1.3385981556700407e-07
5.5055715129750475e-05	8.942292365954275e-08
4.194456216323238e-05	4.653973471488296e-08
5.4513494188385876e-05	7.831581481078282e-08
4.896876502714383e-05	3.580407431919362e-08
5.5241851098248066e-05	4.431951307111145e-08
3.9972236925351126e-05	2.556479472842926e-08
5.184356158502075e-05	3.63588590807073e-08
4.952877487684558e-05	3.5663727438369305e-08
5.486944717335249e-05	4.010236583169588e-08
5.000594510304838e-05	2.8919944188724187e-08
4.04705524184243e-05	2.1068862569945518e-08
5.9052658356759425e-05	3.2465965156826357e-08
4.7104336502573915e-05	2.5222870840141598e-08
4.865416938218284e-05	2.898351238913307e-08
5.475769924329288e-05	3.7320908029023946e-08
4.9051096084676235e-05	3.130767788962985e-08
5.67915867496795e-05	2.9210264313198654e-08
4.476329070812196e-05	2.4134896115108423e-08
3.9856923045439466e-05	2.485590062440144e-08
4.626259326331628e-05	3.3272957414574664e-08
4.21421010968622e-05	2.5877194079941808e-08
4.744270607879216e-05	2.9925345935417115e-08
5.017632649351276e-05	3.702756362258139e-08
6.058413898401294e-05	3.3662017906116066e-08
4.817321254931208e-05	2.2550689392034464e-08
3.7645371454067235e-05	2.0024558008948046e-08
4.555594751092202e-05	2.401911689021993e-08
4.274138610786957e-05	2.4714701994139995e-08
4.527577564598107e-05	2.5345125675356706e-08
5.3550365618185786e-05	3.2422200187128664e-08
4.762053870358457e-05	3.480112440296342e-08
6.763009869477825e-05	1.218665061128696e-07
5.473740146481425e-05	2.7089881163749172e-08
5.24130065973867e-05	2.759427564682006e-08
4.5019071919354875e-05	1.955840620728787e-08
4.272137517208135e-05	2.5672945633452657e-08
3.851394738561806e-05	1.9707715451199084e-08
3.3865946726724666e-05	1.6944877707742357e-08
5.2785167525583057e-05	2.3768292305504768e-08
5.1709237806947354e-05	2.383392792065528e-08
2.7545316534791638e-05	1.2539494958866444e-08
5.351407187548162e-05	2.8900178254923924e-08
4.691506948531675e-05	2.0611193008561535e-08
4.162172483900468e-05	2.2862001492132833e-08
4.519163272498971e-05	2.750894476700907e-08
3.579920247419612e-05	1.8003913594202165e-08
5.530480555808408e-05	4.4237663106195e-08
3.533671468663549e-05	1.6275167667036188e-08
3.099884950988785e-05	1.2490312111315232e-08
3.0669543474847456e-05	1.611418948479765e-08
4.2252821942722904e-05	3.5215850874338035e-08
3.574486540730157e-05	1.641782271661233e-08
4.036636130860284e-05	2.0806869347590065e-08
3.080228558169276e-05	1.4014029271002615e-08
4.1260149816400416e-05	1.9784924079679288e-08
3.803167772806536e-05	2.120228052367926e-08
3.888574497573115e-05	2.264242551758929e-08
2.743340476716962e-05	1.2323195512219675e-08
3.260798839075715e-05	1.347649878845384e-08
3.435795727751813e-05	1.4785125686672671e-08
3.796621146216821e-05	2.1787552462791643e-08
3.934443055523526e-05	3.027457849740503e-08
4.222098869912989e-05	2.451778567863787e-08
4.84787233086761e-05	2.377794543988872e-08
3.871008922104253e-05	1.9123131932310604e-08
3.028478319900635e-05	1.3616427537829519e-08
4.238086502872205e-05	2.34164470298227e-08
3.228118425112565e-05	1.5159835341714298e-08
3.7232058971800206e-05	1.653264427999015e-08
3.653303423628553e-05	1.7708928787456114e-08
4.0878712132570114e-05	1.948879657054484e-08
3.6157072501188565e-05	1.7538145480901365e-08
4.062449846928775e-05	2.0073106805042686e-08
4.1162627815455354e-05	2.1925518137459725e-08
4.528752674872808e-05	2.0303034257794832e-08
3.9497191389248543e-05	2.2052148913444147e-08
5.187274870575258e-05	2.2684547070380708e-08
3.355229869305266e-05	2.1722397894793094e-08
4.2305907560173175e-05	2.207281486548078e-08
4.277795944019776e-05	1.961814081757435e-08
3.323154616633572e-05	1.4271668666945276e-08
4.2419539080324246e-05	2.5116571360024543e-08
3.421927829590679e-05	2.4367426112640204e-08
4.249459400745769e-05	1.9638208382422254e-08
3.8605071210432496e-05	1.983794966445983e-08
4.6167629900143805e-05	2.560493756144897e-08
4.5672744098060565e-05	2.284894045694838e-08
3.568540956122494e-05	1.5841213132132052e-08
3.9030058234967484e-05	1.9385452166543423e-08
3.696877687584716e-05	1.6145202365091183e-08
4.318566884583767e-05	2.027666402174989e-08
3.837677792034872e-05	1.5763062079081703e-08
3.692246864706444e-05	1.5823782708492553e-08
2.9251935821692645e-05	1.1963975633213698e-08
3.559972405730583e-05	2.0416788897369308e-08
2.913830061700203e-05	1.2405428639268315e-08
3.858828921448779e-05	1.6327915174771307e-08
3.320521848601876e-05	1.5849609279905234e-08
4.1083610169709375e-05	1.8726792440016758e-08
3.0590117226557356e-05	1.5175484130722536e-08
3.211807799348055e-05	1.7146639024864002e-08
3.320417191307948e-05	1.5058371606196987e-08
3.6707297479384245e-05	1.7359707513849133e-08
3.8495441572011205e-05	2.20502513382284e-08
3.4932146492814024e-05	2.0978915121744282e-08
3.8813848891253816e-05	1.83301277223779e-08
3.751213333904001e-05	2.102947149297426e-08
3.4519561775005115e-05	1.6891141165557954e-08
3.649929054309399e-05	1.9274539402061355e-08
3.1535999969652643e-05	1.406716790407548e-08
2.852158989082096e-05	1.5484138650751874e-08
3.1440710161151765e-05	1.7652173214682387e-08
3.797526795933214e-05	2.085894361036779e-08
3.1198509646154436e-05	1.474776537403502e-08
3.604694048845129e-05	2.070143628561111e-08
4.4631861562501484e-05	2.1016555072542462e-08
3.781514346332882e-05	2.3195216264670614e-08
2.852520783503043e-05	1.2215750077268567e-08
3.948583759338713e-05	1.713629588558537e-08
3.336355771932734e-05	1.4888075578280388e-08
4.122555640869766e-05	3.2727414087861416e-08
4.427495852666584e-05	2.516024377164952e-08
3.930306063449255e-05	2.0795569430850063e-08
4.012669199137711e-05	3.214486665540324e-08
3.560177009576039e-05	1.7317504684628638e-08
3.099907438718085e-05	1.73023439900206e-08
2.9617992684883013e-05	1.4657192249532859e-08
2.934722798652757e-05	1.1662022916671287e-08
2.9797120545114387e-05	1.3085046893463115e-08
2.2908679146049638e-05	9.757154330643118e-09
3.230212664322277e-05	1.4213085178137599e-08
4.113463795195786e-05	4.152564443785702e-08
2.8696526232930208e-05	1.4373981634157774e-08
4.1807588603837106e-05	2.042109878942217e-08
3.287711931976183e-05	1.4169173131646236e-08
3.5663472181922116e-05	2.5299135141426216e-08
3.697695004243251e-05	1.6728208723374445e-08
2.975958612449889e-05	1.671116059306359e-08
3.1727364430489546e-05	1.5116145766167805e-08
1.9441474062529252e-05	1.018772598108349e-08
2.537624627330835e-05	1.0676451580811439e-08
2.781805760416727e-05	1.134365902523636e-08
3.4126831508128944e-05	1.914365193991577e-08
2.4940452607229685e-05	9.771365286648527e-09
2.7100175169881582e-05	1.301126557406483e-08
2.5027760287437858e-05	1.0462151125277326e-08
3.1858194058668954e-05	1.7332726607519286e-08
2.365644231968887e-05	1.0026783915332934e-08
3.0379037661007778e-05	1.5501055423873166e-08
3.41972097009943e-05	1.5408556015503012e-08
2.9873994078043782e-05	1.5084201515735306e-08
2.8240959024074747e-05	1.582196816541793e-08
2.8184541815646632e-05	1.4182044347975973e-08
2.8632790929411066e-05	1.512376549694591e-08
2.9110570032830557e-05	1.1506153481337043e-08
2.578376996301003e-05	9.280860027409327e-09
3.2522119451978336e-05	1.396192615689372e-08
4.094354138683615e-05	2.295909113957298e-08
3.766735086419159e-05	2.0775330399228904e-08
3.056111514325009e-05	1.686771753727942e-08
4.1880173829092565e-05	2.090961974507868e-08
2.6460086709007098e-05	1.5253695441735243e-08
2.8064064196298587e-05	1.1323264052106739e-08
3.618691541892698e-05	1.5285345172335416e-08
3.5204089394331195e-05	1.829697096901216e-08
3.0371859635713352e-05	2.8995921818766066e-08
2.644228241609927e-05	1.059193222737571e-08
2.760806783349468e-05	1.2631683843110515e-08
1.920915382889887e-05	7.442940049283129e-09
3.8312041706997626e-05	1.7733757277415725e-08
2.5091619954660007e-05	9.410607543446258e-09
4.595489243844117e-05	2.4067312250836403e-08
4.263792300426649e-05	3.9446251737710466e-08
3.1254390567204984e-05	1.9789185444291934e-08
4.1590439011362284e-05	2.222062383095171e-08
2.7531556506798703e-05	1.3308361856809383e-08
2.8196105156128606e-05	1.2207594283381047e-08
3.057130303464372e-05	1.390333927856146e-08
3.5395221817212583e-05	1.9537882098456752e-08
3.474093500411092e-05	1.683482875727377e-08
2.642791274311331e-05	1.204075546110038e-08
2.198189250121611e-05	1.0701945094515832e-08
3.410075370169404e-05	1.6269218998501015e-08
4.03525153523959e-05	2.4062018737783475e-08
2.9757435889558365e-05	1.3747305863439833e-08
2.481587351724233e-05	1.4001355470485957e-08
2.2738187933616184e-05	8.579742146329122e-09
3.212419780234436e-05	1.7587945195299057e-08
3.579273334909445e-05	1.5313557894616054e-08
3.312131913500543e-05	1.6456752414046887e-08
2.130867394271492e-05	8.428723812726358e-09
2.915926184811191e-05	1.4169239091458989e-08
3.379402504227447e-05	4.2645699554122817e-08
3.214271056746945e-05	2.0961441893213534e-08
2.8924112937553565e-05	1.8810893571447053e-08
2.5729290888660528e-05	1.3934667643186442e-08
1.9560097805973822e-05	1.3417574563194986e-08
2.8963081465795857e-05	1.120031567900086e-08
3.0072749127053714e-05	2.0841868653874935e-08
2.821036276911532e-05	1.4687372763771493e-08
2.9592020289471398e-05	1.656659229851674e-08
0.0	0.0
0.0	0.0
0.0	0.0
0.0	0.0
0.0	0.0
0.0	0.0
0.0	0.0
0.0	0.0
0.0	0.0
0.0	0.0
0.0	0.0
